mloop_version='3.3.5'
archive_type='gaussian_process_learner'
num_params=4
min_boundary=array([-10., -10., -10., -10.])
max_boundary=array([10., 10., 10., 10.])
start_datetime='2024-11-16_16-12'
param_names=['', '', '', '']
search_precision=1e-06
parameter_searches=10
bad_uncer_frac=0.1
trust_region=array([4., 4., 4., 4.])
has_trust_region=True
predict_global_minima_at_end=True
cost_has_noise=True
length_scale_history=[array([4.0036414, 4.0036414, 4.0036414, 4.0036414]), array([3.96572513, 3.96572513, 3.96572513, 3.96572513]), array([3.91623854, 3.91623854, 3.91623854, 3.91623854]), array([3.88903725, 3.88903725, 3.88903725, 3.88903725])]
length_scale_bounds=array([[2.e-02, 2.e+02],       [2.e-02, 2.e+02],       [2.e-02, 2.e+02],       [2.e-02, 2.e+02]])
noise_level_history=[0.07300075105148385, 0.0251725263120564, 0.025172526312056416, 0.025172526312056416]
noise_level_bounds=nan
bias_func_cycle=4
bias_func_cost_factor=[1.0, 1.0, 1.0, 1.0]
bias_func_uncer_factor=[0.0, 1.0, 2.0, 3.0]
generation_num=4
update_hyperparameters=True
hyperparameter_searches=10
all_params=array([[ 3.00000000e+00,  0.00000000e+00,  4.00000000e+00,         2.00000000e+00],       [ 2.59899878e+00,  2.96948700e+00,  5.92301502e+00,         4.95802153e+00],       [ 1.93677726e+00,  4.99204159e+00,  8.57554065e+00,         2.26637331e+00],       [ 2.87277738e+00,  3.00608164e-01,  9.49609072e+00,         3.05454626e+00],       [ 8.06554882e-01,  6.19723652e+00,  5.69080105e+00,         4.68454177e+00],       [-3.17902564e+00,  2.95781655e+00,  7.77719547e+00,         6.60286155e+00],       [ 4.34309107e+00,  6.51800135e+00,  8.00031852e+00,         4.54845527e+00],       [-1.53366681e+00,  2.56970149e+00,  8.02467912e+00,         5.64931829e+00],       [-1.44672407e+00,  4.93645802e+00,  5.99220004e+00,         4.66710988e+00],       [ 2.49349147e-01,  9.03843098e+00,  7.46895837e+00,         1.29886275e+00],       [ 1.70883632e+00,  9.86942931e+00,  2.57152618e+00,         4.32567732e+00],       [-1.08624261e+00,  5.92168104e+00,  1.82930574e+00,         7.47337205e+00],       [ 1.99030862e+00,  6.49289137e+00,  2.52041066e+00,         1.26489406e+00],       [ 3.64757999e-01,  3.76895796e+00,  5.10041710e+00,         4.55428244e+00],       [-9.78845097e-01,  6.84176186e+00,  2.74544097e+00,        -6.87381602e-01],       [-1.98745426e+00,  9.64797598e+00,  3.28620494e+00,        -9.09691843e-01],       [-1.02234691e+00,  2.92294564e+00, -1.27105381e+00,        -1.68967071e+00],       [ 2.75043123e+00,  4.70592651e+00,  5.94443488e+00,         1.42935144e+00],       [-5.16396946e-01,  4.80622842e+00,  5.94960016e+00,        -1.67720362e+00],       [-6.22023888e-01,  5.18940183e+00,  1.36765146e+00,         3.76738868e+00],       [-7.44950944e-01,  7.11904041e+00,  4.19988409e-01,        -1.23114536e+00],       [ 4.32414329e+00,  3.99020022e+00,  1.98984799e+00,         2.33642431e+00],       [ 4.36211891e+00,  6.68827455e+00,  5.68136449e+00,         4.94234058e+00],       [ 5.14419890e+00,  4.76397890e+00,  5.73492761e+00,         5.27313829e+00],       [ 8.24815630e+00,  6.50792329e+00,  5.05874084e+00,         5.61096897e+00],       [ 2.83574811e+00,  9.25315395e+00,  3.87847295e+00,         3.06282697e+00],       [ 5.45974496e+00,  7.35718434e+00,  2.41184095e+00,         7.63626055e+00],       [ 6.26824155e+00,  3.65494983e+00,  2.05955771e+00,         5.82600215e+00],       [ 5.79834231e-01,  8.45655804e+00,  4.65940581e+00,         7.19536092e+00],       [ 3.92538843e+00,  3.90798864e+00,  5.58981878e+00,         8.92189650e+00],       [ 7.43917165e+00,  4.31874502e+00,  2.18260004e+00,         3.94110719e+00],       [ 2.31754445e+00,  6.74859420e+00,  4.18014168e+00,         5.65322781e+00],       [ 7.14891538e+00,  8.32793100e+00,  9.09899578e+00,         1.41036766e+00],       [ 3.94376665e+00,  4.16038130e+00,  5.74793844e+00,         4.34089946e+00],       [ 1.41293210e+00,  8.22639279e+00,  3.78059995e+00,         4.19819970e+00],       [ 1.40363751e+00,  4.69151104e+00,  6.70162220e+00,         1.70544790e+00],       [ 2.53264789e+00,  4.75012438e+00,  3.31368915e+00,         5.69822154e+00],       [ 2.42429677e+00,  2.99328517e+00,  3.08898307e+00,         5.15955970e+00],       [ 2.16435039e+00,  9.82933027e+00,  8.09223186e+00,         7.92021508e+00],       [ 7.97242359e+00,  6.81720556e+00,  4.92967112e+00,         3.43108129e+00],       [ 5.81738809e+00,  4.86008795e+00,  8.80078197e+00,         1.09659715e+00],       [ 5.45880869e+00,  4.21117308e+00,  7.27227924e+00,         2.36238488e+00],       [ 6.89991457e+00,  5.72693111e+00,  9.12721179e+00,         3.10396883e+00],       [ 1.24557251e+00,  9.53059476e+00,  7.73719839e+00,         6.30690792e+00],       [ 6.68359956e-01,  5.72558431e+00,  3.35936515e+00,         2.60318433e+00],       [ 2.80800650e+00,  7.49662371e+00,  6.41430125e+00,         2.03759098e+00],       [ 4.02769698e+00,  9.27688168e+00,  8.17979963e+00,         1.58700054e+00],       [ 4.87036760e+00,  4.62856552e+00,  3.68694909e+00,         2.52828277e+00],       [ 7.00658349e+00,  7.09728490e+00,  5.58083286e+00,         2.89714908e+00],       [ 4.15999299e+00,  5.92912365e+00,  1.90580473e+00,         8.29836115e+00],       [ 5.79053431e+00,  6.13552592e+00,  5.98193454e+00,         6.83256318e+00],       [ 6.95256670e+00,  3.45964811e+00,  7.33182674e+00,         3.34688231e+00],       [ 3.16808595e+00,  4.61568230e+00,  8.00255134e+00,         7.60799605e+00],       [ 3.47335582e+00,  3.63022663e+00,  3.93271514e+00,         2.65549136e+00],       [ 5.61491948e+00,  8.27270896e+00,  3.86727732e+00,         6.44005054e+00],       [ 8.31083522e+00,  2.85169986e+00,  9.34253639e+00,         3.56053811e+00],       [ 6.66422767e+00,  4.80511287e+00,  5.90864806e+00,         3.60734017e+00],       [ 7.83993854e+00,  5.67691320e+00,  5.55596782e+00,         7.09145415e+00],       [ 1.20326205e+00,  6.80688462e+00,  2.50301064e+00,         7.43130708e+00],       [ 5.39639943e+00,  7.05247127e+00,  6.44679321e+00,         4.56220697e+00],       [-2.66541690e+00,  9.20875218e+00,  4.00000000e+00,         2.00000000e+00],       [ 2.59899878e+00,  8.55652491e+00,  5.92301502e+00,        -3.33349771e+00],       [-3.77697297e+00,  7.75712568e+00,  5.15461960e+00,         2.26637331e+00],       [ 4.21450327e+00,  6.19297339e+00,  9.49609072e+00,         2.54307317e+00],       [ 1.25629353e+00,  6.19723652e+00,  5.69080105e+00,         8.75401307e+00],       [ 2.35578078e+00,  4.80939199e+00,  2.50378482e+00,         6.42320411e+00],       [-9.81333865e-01,  5.23479422e+00,  7.69125022e+00,         8.67596985e+00],       [ 2.28934762e+00,  4.07761858e+00,  8.02467912e+00,         5.64931829e+00],       [ 7.95320236e+00,  6.90741675e+00,  7.73998333e+00,         6.24161627e+00],       [-1.83095333e+00,  8.09650830e+00, -4.82592981e+00,        -9.30786917e-01],       [-7.81460822e+00,  5.90081719e+00,  3.75130743e+00,         4.32567732e+00],       [ 6.49610204e+00,  3.22512589e+00,  3.49581683e+00,        -6.26434185e-01],       [ 6.30499218e+00,  6.49289137e+00,  2.52041066e+00,         2.64730014e+00],       [ 3.64757999e-01,  5.11071306e+00,  5.10041710e+00,         5.14169057e+00],       [ 3.84757310e+00,  8.10918541e-01,  5.10026152e+00,         4.92125452e+00],       [-5.05087444e+00,  4.25533109e+00,  9.73851463e+00,        -9.09691843e-01],       [ 9.49528094e-01,  2.92294564e+00,  4.38098795e+00,         3.07252692e+00],       [ 2.75043123e+00,  4.70592651e+00,  6.39711547e+00,         1.42935144e+00],       [ 4.62362709e+00,  1.89684148e+00,  3.61455112e+00,         7.10775778e+00],       [ 7.90440928e+00,  5.45769285e+00,  1.36765146e+00,         6.49953230e+00],       [-7.44950944e-01,  7.11904041e+00,  4.76912871e+00,         7.44635621e+00],       [ 2.98181912e+00,  4.45702433e+00,  2.78630402e+00,         5.88114601e+00],       [ 4.36211891e+00,  1.57260665e+00,  5.68136449e+00,         8.19007575e+00],       [ 4.46493101e+00,  3.99474804e+00,  4.88260763e+00,         5.27313829e+00],       [ 8.24815630e+00,  9.19883620e+00,  8.18791733e+00,         4.99438999e+00],       [ 2.83574811e+00,  2.70808902e+00,  3.87847295e+00,         3.07899141e+00],       [ 5.45974496e+00,  4.91743485e+00,  2.63704661e+00,         5.21712314e+00],       [-4.13445983e+00,  6.66708045e+00, -3.41218605e-02,         4.67940033e+00],       [-8.08869498e-02,  8.45655804e+00,  5.40330669e+00,         5.41789394e-01],       [ 3.92538843e+00,  6.69598175e+00,  5.58981878e+00,         6.38806750e+00],       [ 2.66923320e+00,  4.31874502e+00,  2.18260004e+00,         2.00408621e+00],       [-5.72296397e+00,  6.76263630e+00,  4.18014168e+00,         5.65322781e+00],       [ 8.65743079e+00,  5.53755034e+00,  5.95825085e+00,         6.65659784e+00],       [ 1.64632707e+00,  8.48696920e+00, -9.19127860e-02,         3.14034860e+00],       [ 7.53189622e+00,  6.70630161e+00,  3.78059995e+00,         7.27885379e+00],       [-5.42951577e+00,  7.15287853e+00,  6.70162220e+00,        -6.31012648e+00],       [-1.91778868e-03,  7.66318248e+00,  7.18811791e+00,         2.45506268e+00],       [-6.39799173e+00,  2.64683301e+00,  4.84164372e+00,         5.15955970e+00],       [-1.00150224e+00,  9.84678999e+00,  3.52754717e+00,         7.92021508e+00],       [ 6.89129517e+00,  6.81720556e+00,  4.92967112e+00,        -3.04432613e-01],       [ 5.81738809e+00,  5.44666119e+00,  6.08187155e+00,        -2.13584408e+00],       [ 9.67577520e+00,  6.71308452e+00,  8.09254099e+00,         7.99807888e+00],       [ 5.49157366e+00,  7.15378131e+00, -8.42820682e-01,         5.61714738e+00],       [ 1.63057989e+00,  3.15812352e+00,  5.21464741e+00,         6.54518736e+00],       [ 6.68359956e-01,  5.98489886e+00,  2.85606790e+00,         5.79344501e+00],       [ 4.12480874e+00,  7.49662371e+00, -1.58673389e+00,         2.03759098e+00],       [ 1.01297503e+00,  9.27688168e+00,  6.92978800e+00,         6.34031128e+00],       [ 4.87036760e+00,  4.14243399e+00,  3.68694909e+00,         5.79675910e+00],       [ 7.00658349e+00,  9.47565036e+00,  5.68797295e+00,        -3.03256395e+00],       [ 6.82406264e+00,  4.94008283e+00,  9.90214534e-01,         6.54192511e+00],       [ 7.93589277e+00,  8.86220598e+00,  7.65014443e+00,         9.24422892e+00],       [ 5.72557860e+00,  4.80502941e+00,  7.33182674e+00,         3.66216269e+00],       [ 3.16808595e+00,  5.12163678e+00,  8.00255134e+00,         8.26529138e+00],       [ 7.50291841e-01,  2.21438788e+00,  3.90069558e-01,         5.00257117e+00],       [ 8.32955960e-01,  4.68553113e+00, -6.79832676e-01,         3.31265654e+00],       [ 5.36511850e+00,  2.85169986e+00,  9.34253639e+00,         7.59398908e+00],       [ 6.66422767e+00,  4.74563547e+00,  5.90864806e+00,         4.72060282e+00],       [ 1.18354796e+00,  4.76288816e+00,  6.57817679e+00,         7.09145415e+00],       [ 6.66963967e+00,  5.74424447e+00,  4.63676911e+00,         7.43130708e+00],       [ 5.39639943e+00,  7.05247127e+00,  4.99037159e+00,         3.77293203e+00],       [ 6.93639912e+00,  7.68397170e+00, -5.34399443e+00,        -8.19494548e+00],       [ 3.19248818e+00, -1.34233619e+00,  5.92301502e+00,         7.19230529e+00],       [ 6.75599108e-01,  7.39271302e+00,  1.32068099e+00,         5.54108953e+00],       [ 5.02147505e+00,  4.63465678e+00,  3.58195114e+00,        -3.54192696e+00],       [ 8.06554882e-01, -3.99674505e-01,  4.09532985e+00,         2.34806023e+00],       [ 4.89429553e+00,  2.21209308e+00,  3.93841289e+00,         6.42320411e+00],       [-5.64699768e+00,  6.51800135e+00,  8.00031852e+00,        -2.32635221e-01],       [-2.02777959e+00,  5.82936351e+00, -1.26828078e+00,        -1.69217780e+00],       [ 4.95481658e+00,  5.89053969e+00, -2.21751576e+00,         5.44468260e+00],       [ 5.80072609e-01,  6.42912594e+00,  7.46895837e+00,         4.38776873e+00],       [ 5.30897263e+00,  1.26533574e+00, -4.11974978e-02,         4.32567732e+00],       [ 6.49610204e+00,  7.77882244e+00, -4.83782533e+00,         1.78577471e+00],       [ 4.04915401e+00,  5.10131728e+00,  9.29174543e+00,         2.64730014e+00],       [ 9.09619121e+00,  3.61818304e+00,  4.35311845e+00,         5.14169057e+00],       [ 5.35087511e+00,  9.88036471e+00,  2.74544097e+00,         9.45819111e+00],       [ 2.64811311e+00,  1.35034067e+00,  2.11361881e+00,        -9.09691843e-01],       [ 3.73715618e+00,  1.03453741e-01,  7.17713699e+00,         1.85107020e+00],       [ 4.78767388e+00,  5.01241635e+00,  6.93767939e+00,         1.42935144e+00],       [-9.40821253e-01,  3.22681430e+00,  7.82384689e+00,         5.19417570e+00],       [ 8.63014619e+00,  7.63634270e+00,  5.54203084e+00,         8.23554385e+00],       [ 2.30505023e+00,  7.77607981e+00,  9.10488460e+00,         8.96416599e+00],       [-1.48074489e+00,  4.53391752e+00,  1.98984799e+00,        -3.30721898e+00],       [-1.79712135e+00,  9.94388179e+00, -4.32277591e+00,         1.29700990e-01],       [-9.02232931e+00,  4.76397890e+00,  9.41289200e+00,         3.71101751e+00],       [ 8.24815630e+00,  6.70657626e+00,  3.83180657e+00,         5.61096897e+00],       [ 4.82602276e+00,  8.40282688e+00,  1.05646005e+00,         3.06282697e+00],       [ 3.27949219e+00,  4.91743485e+00,  5.09022696e+00,         2.94202002e+00],       [ 9.29459520e+00,  5.65882223e+00,  5.82276719e+00,         5.17653016e+00],       [ 5.59061532e+00,  6.56614668e+00,  8.20999758e+00,         1.22317371e+00],       [-5.58091178e+00,  6.03314630e+00,  7.65191134e+00,         6.38806750e+00],       [ 5.74620568e+00,  3.33249283e-01,  5.51140683e+00,         9.34611035e+00],       [ 1.01036231e+00,  6.74859420e+00,  4.48572604e+00,         2.48713721e+00],       [ 6.43292653e-01, -2.63209016e-01,  3.24117397e-01,        -3.48734772e+00],       [ 7.78189543e+00,  5.83856081e+00,  6.13822974e+00,         8.28600261e+00],       [ 6.48486322e+00,  3.41829162e+00,  3.78059995e+00,         7.27885379e+00],       [-7.66881988e-01,  4.69151104e+00,  9.36887606e-01,        -5.89170884e+00],       [ 6.57966351e+00, -2.87296900e+00,  8.24643651e+00,         7.83630113e-01],       [ 2.42429677e+00,  4.63625589e+00,  4.16506950e+00,        -2.21311252e+00],       [ 1.13251799e+00,  4.38391102e+00,  5.17435636e+00,        -6.83208308e+00],       [ 7.37207837e+00,  7.90159187e-01, -3.48535687e+00,        -3.04432613e-01],       [ 8.76668793e+00,  7.39875626e+00,  1.32608917e+00,        -2.13584408e+00],       [ 9.52267888e+00,  4.21117308e+00,  2.35125890e+00,         7.88436895e+00],       [-1.13398755e+00,  2.92609454e+00, -8.42820682e-01,        -4.64705201e+00],       [ 2.76286141e+00,  6.73535099e+00,  5.21464741e+00,         4.52801971e+00],       [-1.07690854e+00,  4.28658527e-01,  5.34092576e-01,         8.74637745e+00],       [ 4.12480874e+00,  6.51410169e+00, -1.58673389e+00,         6.20385719e+00],       [-1.24718506e+00,  5.66585145e+00, -1.63360149e+00,         4.96274382e-01],       [ 4.87036760e+00, -2.26864168e-02,  3.46284048e+00,         3.67530522e+00],       [ 7.00658349e+00,  7.36875907e+00,  6.35417974e-01,         2.89714908e+00],       [-1.18463340e+00,  7.87056977e+00,  4.41607662e+00,        -4.18504304e+00],       [ 8.87675236e-03,  5.86514009e+00,  6.81216024e+00,         6.83256318e+00],       [-4.97833750e+00,  9.00545081e+00,  5.86062538e+00,        -7.40230835e+00],       [ 3.16808595e+00,  3.64779949e+00,  2.61960947e+00,         7.60799605e+00],       [-3.57827478e+00,  7.46850357e+00,  3.93271514e+00,         4.11477547e+00],       [ 1.03251510e+00,  8.27270896e+00, -4.06230867e+00,         5.44961809e+00],       [ 9.62608611e+00,  8.61958431e-01,  7.86505526e-01,         1.14060636e+00],       [ 7.50322045e+00,  4.74563547e+00,  3.18031807e-01,         9.19512284e+00],       [ 3.26956950e+00, -1.70907706e+00,  5.55596782e+00,         1.38739973e+00],       [ 4.89062053e+00,  4.32674214e+00, -7.12483044e+00,        -5.86009633e-02],       [ 1.78138064e+00,  9.12036436e+00, -3.75228871e-01,         3.77293203e+00],       [ 2.86511132e+00,  5.82063121e+00,  8.89398955e+00,        -2.50616909e+00],       [-5.15104880e+00,  3.83875041e+00,  3.46221888e+00,         8.75216056e-01],       [ 1.29009664e+00,  7.39271302e+00,  4.48018253e+00,        -9.87854327e+00],       [ 5.02147505e+00,  6.66340059e+00,  6.39748651e+00,         5.93818676e+00],       [ 9.22573538e+00,  9.50737402e+00, -3.26843648e+00,         7.39574796e+00],       [-5.99622627e+00,  7.31961981e+00, -1.18262480e+00,        -3.09691693e+00],       [ 6.30775141e+00,  6.47948353e+00,  7.77315037e+00,         3.54955571e+00],       [ 3.42963917e+00,  5.44804979e+00, -1.26828078e+00,        -1.69217780e+00],       [ 4.95481658e+00,  3.98324583e+00, -2.21751576e+00,         4.59354083e-01],       [-4.95304429e-01, -2.31049377e-01,  7.46895837e+00,        -4.16068922e+00],       [ 9.61126820e+00,  6.08397003e+00,  2.57152618e+00,         6.00240181e+00],       [ 6.12842898e+00,  3.74028881e+00,  3.49581683e+00,         8.28917992e+00],       [ 6.30499218e+00,  3.91097170e+00,  2.52041066e+00,        -1.65141559e+00],       [ 3.64757999e-01,  5.11071306e+00,  9.76147878e-01,        -5.15312301e+00],       [ 6.14263504e+00,  6.84176186e+00, -2.25438158e+00,        -6.87381602e-01],       [ 3.65425544e+00,  1.60217565e+00,  9.31017728e+00,         1.66620638e+00],       [ 5.81481489e+00,  5.56720635e+00,  5.58546869e+00,         8.33014101e+00],       [-6.13794967e+00,  5.01241635e+00, -2.11716304e+00,         1.42935144e+00],       [ 1.86859060e+00,  7.23660442e+00,  5.94960016e+00,        -1.67720362e+00],       [ 7.92332275e+00,  8.21270882e+00,  6.20549084e+00,         1.83531225e+00],       [ 3.44907195e+00,  7.37020570e+00,  9.69423126e+00,         6.04909863e+00],       [ 2.02631144e+00,  5.84587109e+00,  1.98984799e+00,        -1.02926617e+00],       [ 7.07345083e+00,  6.68827455e+00, -5.55611011e+00,         2.76728722e+00],       [ 2.44119509e+00,  4.44133988e+00, -8.34751565e-01,         6.04115953e+00],       [ 8.24815630e+00,  9.91090371e+00,  9.18421569e+00,         4.50517652e+00],       [ 4.82602276e+00,  8.40282688e+00,  7.81066112e-01,         3.06282697e+00],       [ 5.87933890e-01,  9.00240517e+00, -1.79597240e+00,         5.82450613e+00],       [ 6.26824155e+00,  3.65494983e+00, -6.08463753e+00,         5.38710995e+00],       [ 9.43429062e+00,  6.02652730e+00,  5.40330669e+00,         2.48717572e+00],       [ 9.31220707e+00,  6.94707049e+00,  1.98171048e+00,         4.82748380e+00],       [ 7.43917165e+00,  8.27993924e+00,  2.82524383e-01,         3.37401998e+00],       [ 4.84386782e+00,  6.58336074e+00,  4.18014168e+00,        -9.80759598e-01],       [ 9.87066974e+00,  1.33046755e+00,  5.96169248e+00,        -7.13898916e+00],       [ 7.61059222e+00,  8.48696920e+00, -7.43711075e+00,         3.14034860e+00],       [ 7.53189622e+00,  1.68947810e+00,  3.78059995e+00,         7.27885379e+00],       [ 4.33267830e+00,  1.84773864e+00,  6.16477020e+00,         6.75793503e+00],       [ 2.53264789e+00,  4.75012438e+00,  1.96169377e-01,         7.57262936e+00],       [-9.86866068e-01,  3.21786763e+00,  6.36495901e+00,        -6.48378686e+00],       [-1.00150224e+00,  6.03141770e+00, -4.03887998e+00,        -9.73739936e+00],       [ 1.95031721e+00,  7.33147703e+00,  9.06152002e-01,        -2.56609842e+00],       [ 8.36124595e+00,  3.70575497e+00,  4.47061960e+00,         6.16611463e+00],       [ 5.45880869e+00,  7.05946444e-02,  5.34820231e+00,         1.14784802e+00],       [ 2.74267710e+00,  7.31130366e+00,  8.47232380e+00,         5.65924171e+00],       [ 2.76286141e+00,  6.73535099e+00,  1.88845326e+00,        -2.81610028e+00],       [ 2.40853916e+00,  6.31546537e+00,  2.07106727e+00,         5.38063693e+00],       [ 4.12480874e+00,  7.18572806e+00,  6.38190919e+00,        -1.38414811e+00],       [-1.24718506e+00,  8.77889370e+00, -2.36385258e+00,        -7.35772410e+00],       [ 6.25007387e+00,  6.12116716e+00, -9.90423403e-01,         4.20463661e+00],       [ 6.39116317e+00,  5.49701282e+00,  2.74297449e+00,        -6.60035330e+00],       [ 9.49157366e+00,  4.23753224e+00, -3.25105897e+00,         5.13037189e+00],       [ 7.00658349e+00,  7.46620241e+00,  6.35417974e-01,         2.89714908e+00],       [ 3.22580763e+00,  7.83071499e+00,  2.57012449e+00,         2.36500830e+00],       [ 9.49157366e+00,  3.15378131e+00, -4.80020142e+00,         5.98117355e+00],       [ 6.06150335e+00,  6.40354688e+00, -7.65045575e-01,         4.39794766e+00],       [ 9.56146036e+00,  6.13552592e+00,  3.74597547e+00,         5.21360560e+00],       [-4.63400130e-01,  6.49746330e+00, -7.30973125e+00,         3.66216269e+00],       [ 2.48239375e-01,  3.64779949e+00,  5.46674356e+00,         7.60799605e+00],       [ 9.29316758e+00,  3.63022663e+00,  3.93271514e+00,        -1.66792647e+00],       [-5.23108675e+00,  6.16801174e+00, -7.30608832e-01,         4.75403831e+00],       [ 7.71918021e+00,  8.61958431e-01, -9.23536427e-02,         1.14060636e+00],       [-2.36957892e+00,  4.74563547e+00,  5.90864806e+00,         6.18997038e+00],       [ 9.27355326e+00,  5.67691320e+00,  4.97687199e+00,         4.38466482e+00],       [-1.03913726e+00, -1.61110796e+00,  4.63676911e+00,         4.79062512e+00],       [ 7.53062423e+00,  4.75002786e+00, -7.07792348e+00,         3.82224874e+00],       [ 3.00000000e+00,  5.35318689e+00, -8.34567559e-01,         2.00000000e+00],       [ 2.59899878e+00,  4.83409708e+00,  1.04142745e+00,         5.15289070e-01],       [ 2.27348628e+00,  7.39271302e+00,  8.36559213e-01,         4.84006564e+00],       [ 5.02147505e+00,  7.07055869e+00,  3.47573928e+00,         5.93818676e+00],       [ 5.85764047e+00,  6.89439175e+00,  5.83521205e+00,         9.86462304e+00],       [-1.03358853e-01,  7.46221888e+00,  5.41320550e+00,         6.42320411e+00],       [ 8.44019106e+00,  6.66949558e+00,  7.77315037e+00,         6.79816949e-01],       [-1.83467780e+00,  7.09638465e+00, -1.26828078e+00,        -7.95701292e+00],       [-2.64358249e-01,  8.75479012e+00, -2.21751576e+00,         1.58876146e+00],       [ 5.80072609e-01,  3.11538806e+00,  7.46895837e+00,         4.38776873e+00],       [ 9.61126820e+00,  6.69903313e+00,  9.35257580e+00,         7.83544019e+00],       [ 6.49610204e+00,  4.01466691e+00,  4.41763518e+00,        -6.26434185e-01],       [ 2.36585751e+00,  6.47484597e+00, -6.67903342e-01,         2.64730014e+00],       [-4.07495345e+00,  1.87988950e+00,  4.97470664e+00,        -1.60012766e+00],       [ 6.53048276e-01, -1.60627982e+00, -2.25438158e+00,        -3.31283537e-01],       [ 2.64811311e+00,  5.73153269e+00,  4.53418595e-01,         8.97837716e+00],       [ 5.81481489e+00,  5.56720635e+00,  3.58332807e+00,        -3.20344232e+00],       [ 9.67520533e+00,  6.41407058e+00, -2.25928989e+00,         1.42935144e+00],       [ 1.86859060e+00,  7.23566733e+00, -3.75356482e+00,         1.18248474e+00],       [ 8.56336609e+00,  5.45769285e+00, -4.04060380e+00,         6.49953230e+00],       [ 6.84912645e+00,  6.85239011e+00,  4.19988409e-01,         7.09305521e+00],       [ 5.78935850e+00,  7.45545842e+00,  1.98984799e+00,        -1.99900187e+00],       [ 1.53013795e+00,  5.83150910e+00,  5.68136449e+00,         5.02778275e+00],       [ 5.53195849e+00,  6.94067797e+00,  6.12317822e+00,         5.27313829e+00],       [-1.26321754e+00,  6.85918019e+00,  8.70082598e-01,        -1.65142094e+00],       [-3.57278095e+00,  8.40282688e+00,  4.86651167e+00,         7.88149603e+00],       [ 2.93793625e+00,  4.91743485e+00, -4.80037294e-01,         7.67790732e+00],       [ 3.04550670e+00,  3.65494983e+00,  1.71340894e+00,         5.82600215e+00],       [ 5.37200455e+00,  6.02652730e+00,  1.28287556e+00,         8.92129274e-02],       [ 8.19530106e+00,  7.32545887e+00,  1.98171048e+00,         4.82748380e+00],       [ 7.43917165e+00,  8.27993924e+00,  1.96670336e+00,         7.63730229e+00],       [ 5.25974788e+00,  4.94563109e+00,  2.12969975e+00,        -1.84704769e+00],       [ 3.74222301e+00,  4.81435733e+00,  5.95825085e+00,        -2.12834518e+00],       [ 5.71779906e+00,  6.54522895e+00, -3.40556375e-01,         4.48942624e+00],       [-4.00204530e-01,  7.54978378e+00, -1.82994268e+00,         8.68916513e-01],       [ 1.00000000e+01,  7.11754618e+00, -3.49548215e+00,         3.97947657e-01],       [ 4.69737644e+00,  5.20724384e+00,  3.78059995e+00,        -4.71441659e+00],       [ 9.08038042e+00,  6.33161565e+00,  3.31705105e+00,         2.73543901e+00],       [ 1.00000000e+01,  7.08858701e+00, -4.42197998e+00,         3.97947657e-01],       [ 3.07890048e+00,  4.75012438e+00, -1.35745937e+00,         7.89676096e+00],       [ 5.82661557e+00,  6.57435377e+00, -4.20636582e-01,         4.52581636e+00],       [ 5.52140953e+00,  4.63625589e+00,  4.16506950e+00,        -2.21311252e+00],       [-1.00150224e+00,  5.25761048e+00,  9.18410577e+00,         1.81922977e+00],       [ 5.00242314e+00,  6.81720556e+00, -7.73681107e-01,        -2.86609653e+00],       [ 5.81738809e+00,  5.30233631e+00, -9.95369527e+00,         8.88906559e+00],       [ 7.96467523e+00,  4.21117308e+00, -7.06856499e+00,         2.36238488e+00],       [ 5.49157366e+00,  7.61671704e+00,  1.03244974e+00,        -4.93937271e+00],       [ 9.97460417e+00,  4.23742620e+00,  4.99844679e+00,         4.52801971e+00],       [ 2.40853916e+00,  9.45331103e+00,  4.89267073e-01,         5.38063693e+00],       [ 3.02955448e-01,  4.75433232e+00,  8.38952671e+00,         2.03759098e+00],       [ 4.80335160e+00,  8.94138894e+00, -2.36385258e+00,         2.78291465e-01],       [ 7.60050476e+00,  5.56989298e+00,  8.60149184e+00,        -3.13723091e+00],       [ 1.11351540e+00,  7.84839059e+00,  6.35417974e-01,        -4.58621509e+00],       [ 3.88372869e+00,  4.99664944e+00,  3.22298613e+00,         2.36500830e+00],       [ 7.26330713e+00,  5.65894336e+00,  3.44126697e+00,        -4.30155002e+00],       [ 5.72557860e+00,  4.94834044e+00,  6.37226796e+00,         8.56907455e+00]])
all_costs=array([184.18482285, 166.31266153, 191.71009713, 250.13687702,       139.93274664, 283.6583416 , 152.11686605, 245.42309336,       173.41603935, 179.75509006, 137.08745214, 176.81790289,       128.0072307 , 158.43876997, 148.14645708, 175.79510885,       180.38325665, 141.62917002, 166.52607315, 143.4128359 ,       138.66981647, 125.82064927, 114.65978977, 117.99521709,       123.0367902 , 133.69894672, 134.99100907, 127.83819605,       166.9446888 , 186.72355541, 123.03797274, 131.05752208,       178.49702508, 133.81241918, 138.56723665, 162.10864509,       137.18690317, 158.82247564, 217.77192566, 119.78185005,       164.50016852, 149.64613129, 172.19557024, 190.57325605,       138.08817294, 145.55168753, 167.90904146, 115.58866292,       117.9721691 , 148.48869747, 128.83269564, 166.49959257,       204.5505492 , 142.16274853, 120.37538941, 218.94939126,       122.37434423, 142.85713161, 160.56051264, 119.48127953,       194.90742141, 172.46779843, 219.34919733, 179.05380069,       186.91705956, 145.1315969 , 239.33319526, 192.11920817,       166.4420221 , 199.68346145, 293.33002902, 129.50202648,       105.12895435, 142.87167844, 167.6356141 , 314.67445257,       168.5421132 , 147.93495195, 171.93047908, 124.09738295,       177.37110232, 138.24742483, 201.35559824, 126.30152758,       174.43393004, 160.78098796, 107.74693052, 203.17093129,       147.73144202, 129.59903896, 137.90588051, 246.98312419,       146.78629439, 127.96950927, 137.76086094, 321.77969757,       175.80695975, 293.55632731, 193.63241733, 104.78453232,       126.76063536, 208.3879141 ,  94.88677727, 176.66199826,       139.10736149, 109.59099151, 177.14842758, 123.70242752,       148.19417551, 117.14913248, 216.40735654, 141.64057973,       209.9854766 , 163.90651086, 131.76345674, 231.1545075 ,       121.32042688, 180.92552805, 133.41971127, 105.69907736,       241.53309599, 236.26207293, 134.58124015, 144.86341874,       202.62842828, 156.35145621, 282.2617877 , 167.27317932,       105.92964708, 169.3862129 , 137.87069606, 139.15999568,       182.63270585, 145.92312593, 165.32388193, 170.12634721,       204.58746974, 134.39340065, 220.07018814, 171.22346392,       245.71809972, 196.29192915, 192.91876527, 410.53649685,       121.57436802, 106.32119432, 129.35874916, 132.76107504,       149.08291039, 289.97128254, 218.67855344, 136.82377995,       219.40329117, 168.07877528, 154.66144852, 202.53664228,       273.96758915, 148.6735697 , 215.56350742, 176.5855595 ,       131.06550015, 172.62553755, 218.16222421, 126.58498882,       245.07977052, 112.51804384, 145.49532077, 165.91509542,       103.36679964, 199.51864648, 179.22197497, 326.55634088,       172.71570433, 208.71933622, 165.09038129, 166.24031771,       161.43525351, 216.45597346, 162.79131306, 126.29204021,       200.22864802, 251.01781681, 279.17902553, 125.2016646 ,       172.58459826, 267.86923514, 144.75026387, 116.01785639,       117.93451504, 282.2414869 , 130.15239305, 164.89151164,       126.78337754, 181.33513832, 101.65628979, 227.67767037,       150.30817521, 255.24028802, 148.28518119, 137.16073311,       197.48356503, 126.11255289, 144.61241954, 132.75119064,       188.2220168 , 104.64989545, 144.07348605, 163.95636973,       130.42557607, 122.05307559, 108.47627333, 103.06769022,       256.9889136 , 179.34448011, 183.1605481 , 181.69890023,       151.09428969, 256.98992619, 312.36111714, 142.64357402,       148.9978114 , 163.9338694 , 183.27351044, 144.09028485,       125.76849937, 130.88046609, 243.32900002,  90.88412361,       169.14446476, 152.43732841, 103.83817016, 127.15090107,       188.22481827,  89.00615292, 124.42834792, 198.10472129,       194.64568425, 151.98458877, 221.61534593, 152.25514197,       203.48188091, 124.95674195, 240.66186878, 170.36005975,       113.95882843, 120.46815221, 121.43459531, 110.95381137,       171.48378567, 159.30454715, 157.4032483 , 250.45154829,       150.73020747, 199.59040809, 224.83303011, 117.95737539,       117.03647693, 265.98032403, 221.65136684, 164.94488674,       130.75213647, 125.59813618, 151.2777257 , 157.16290298,       118.12381971, 113.10566202, 138.07414795, 115.57219448,       152.75004905, 248.79534378, 146.9073771 , 144.59641826,        90.6497831 , 117.98317487, 147.24516469, 114.09868694,       142.92301246,  87.72659307, 140.42571713, 140.29636888,       153.74940171, 125.35049496, 148.85569709, 155.3123326 ,        87.92911569, 123.58298192, 218.25811808, 115.0852324 ,       270.92801351, 182.70376031, 145.44970944, 140.01239413,       125.1838868 , 197.81675   , 111.15596404, 196.13873795,       172.66624259, 120.47626435, 152.30111223, 168.00138813])
all_uncers=array([0.1, 0.1, 0.1, 0.1, 0.1, 0.1, 0.1, 0.1, 0.1, 0.1, 0.1, 0.1, 0.1,       0.1, 0.1, 0.1, 0.1, 0.1, 0.1, 0.1, 0.1, 0.1, 0.1, 0.1, 0.1, 0.1,       0.1, 0.1, 0.1, 0.1, 0.1, 0.1, 0.1, 0.1, 0.1, 0.1, 0.1, 0.1, 0.1,       0.1, 0.1, 0.1, 0.1, 0.1, 0.1, 0.1, 0.1, 0.1, 0.1, 0.1, 0.1, 0.1,       0.1, 0.1, 0.1, 0.1, 0.1, 0.1, 0.1, 0.1, 0.1, 0.1, 0.1, 0.1, 0.1,       0.1, 0.1, 0.1, 0.1, 0.1, 0.1, 0.1, 0.1, 0.1, 0.1, 0.1, 0.1, 0.1,       0.1, 0.1, 0.1, 0.1, 0.1, 0.1, 0.1, 0.1, 0.1, 0.1, 0.1, 0.1, 0.1,       0.1, 0.1, 0.1, 0.1, 0.1, 0.1, 0.1, 0.1, 0.1, 0.1, 0.1, 0.1, 0.1,       0.1, 0.1, 0.1, 0.1, 0.1, 0.1, 0.1, 0.1, 0.1, 0.1, 0.1, 0.1, 0.1,       0.1, 0.1, 0.1, 0.1, 0.1, 0.1, 0.1, 0.1, 0.1, 0.1, 0.1, 0.1, 0.1,       0.1, 0.1, 0.1, 0.1, 0.1, 0.1, 0.1, 0.1, 0.1, 0.1, 0.1, 0.1, 0.1,       0.1, 0.1, 0.1, 0.1, 0.1, 0.1, 0.1, 0.1, 0.1, 0.1, 0.1, 0.1, 0.1,       0.1, 0.1, 0.1, 0.1, 0.1, 0.1, 0.1, 0.1, 0.1, 0.1, 0.1, 0.1, 0.1,       0.1, 0.1, 0.1, 0.1, 0.1, 0.1, 0.1, 0.1, 0.1, 0.1, 0.1, 0.1, 0.1,       0.1, 0.1, 0.1, 0.1, 0.1, 0.1, 0.1, 0.1, 0.1, 0.1, 0.1, 0.1, 0.1,       0.1, 0.1, 0.1, 0.1, 0.1, 0.1, 0.1, 0.1, 0.1, 0.1, 0.1, 0.1, 0.1,       0.1, 0.1, 0.1, 0.1, 0.1, 0.1, 0.1, 0.1, 0.1, 0.1, 0.1, 0.1, 0.1,       0.1, 0.1, 0.1, 0.1, 0.1, 0.1, 0.1, 0.1, 0.1, 0.1, 0.1, 0.1, 0.1,       0.1, 0.1, 0.1, 0.1, 0.1, 0.1, 0.1, 0.1, 0.1, 0.1, 0.1, 0.1, 0.1,       0.1, 0.1, 0.1, 0.1, 0.1, 0.1, 0.1, 0.1, 0.1, 0.1, 0.1, 0.1, 0.1,       0.1, 0.1, 0.1, 0.1, 0.1, 0.1, 0.1, 0.1, 0.1, 0.1, 0.1, 0.1, 0.1,       0.1, 0.1, 0.1, 0.1, 0.1, 0.1, 0.1, 0.1, 0.1, 0.1, 0.1, 0.1, 0.1,       0.1, 0.1, 0.1, 0.1, 0.1, 0.1, 0.1, 0.1, 0.1, 0.1, 0.1, 0.1, 0.1,       0.1])
bad_run_indexs=[]
best_cost=87.7265930680203
best_params=array([ 5.71779906,  6.54522895, -0.34055638,  4.48942624])
best_index=277
worst_cost=410.5364968453679
worst_index=143
cost_range=322.8099037773476
costs_count=300
params_count=9
fit_count=4
length_scale=array([3.88903725, 3.88903725, 3.88903725, 3.88903725])
noise_level=0.025172526312056416
predicted_best_parameters=array([ 5.85176364,  6.22088955, -0.0886934 , -0.09852414])
predicted_best_scaled_cost=-1.6181204586194622
predicted_best_scaled_uncertainty=0.030527743822664592
predicted_best_cost=86.13289517885856
predicted_best_uncertainty=1.5048196817146313
