start_time : 2024_11_18_14:59:48
name : labopt_logs\lab_opt_2024_11\optimization__2024-11-18-14-59__dual_annealing__.txt
method : dual_annealing
args : (6, 8, -5, 2)
paras_init : array([3, 0, 4, 2])
bounds : ((-10, 10), (-10, 10), (-10, 10), (-10, 10))
max_run : 10
form : rounds, time, parameters, cost 


0, 18:14:59:49, [3,0,4,2], -402.751738
1, 18:14:59:49, [-0.5115113407373428,-3.511511340737343,0.48848865926265717,-1.5115113407373428], -482.760779
2, 18:14:59:49, [0.7662945091724396,-1.1807490289211273,1.7662945091724396,-0.23370549082756042], -483.361388
3, 18:14:59:49, [5.00123155862093,3.054188020527363,-2.1775638656690717,-4.177563865669072], -392.681340
4, 18:14:59:49, [-1.1814164444804192,1.876832753419876,-8.360211867839098,9.639788132160902], -121.159028
5, 18:14:59:49, [4.156981933861971,1.876832753419876,-8.360211867839098,9.639788132160902], -178.712238
6, 18:14:59:49, [4.156981933861971,-8.381258372217417,-8.360211867839098,9.639788132160902], 463.254347
7, 18:14:59:49, [4.156981933861971,1.876832753419876,5.810387089848518,9.639788132160902], -90.632648
8, 18:14:59:49, [4.156981933861971,1.876832753419876,5.810387089848518,2.2416930198669434], -344.676104
9, 18:14:59:49, [-7.81203818321228,9.907812640070915,-6.1586330235004425,8.736548870801926], 326.578720
10, 18:14:59:49, [-5.086728170514107,-7.366877347230911,8.757937595248222,-7.002017080783844], 324.354342
11, 18:14:59:49, [-0.20064537227153778,-2.4807945527136326,-4.81661176122725,-2.1159342862665653], -407.550553
12, 18:14:59:49, [0.5321164280176163,-5.44049246609211,-0.9360739290714264,-5.075632199645042], -385.443450
13, 18:14:59:49, [3.2363651990890503,-5.44049246609211,-0.9360739290714264,-5.075632199645042], -327.616299
14, 18:14:59:49, [3.2363651990890503,-5.52565885335207,-0.9360739290714264,-5.075632199645042], -325.860677
15, 18:14:59:49, [3.2363651990890503,-5.52565885335207,8.411880619823933,-5.075632199645042], -28.725784
16, 18:14:59:49, [3.2363651990890503,-5.52565885335207,-0.9360739290714264,-5.50923515856266], -316.427369
17, 18:14:59:49, [0.45198479294776917,8.992841452360153,1.992924964055419,-8.293615564703941], -103.508205
18, 18:14:59:49, [-2.724290370941162,8.513685576617718,3.419034043326974,8.530109271407127], -48.940431
19, 18:14:59:49, [7.315142959356308,-4.897452414035797,2.57502818107605,-1.4304573982954025], -255.642730
20, 18:14:59:49, [-8.622345421463251,2.6156305260956287,7.205215450376272,0.9053153991699219], -49.969102
21, 18:14:59:49, [-6.958853647112846,-5.52565885335207,-0.9360739290714264,-5.50923515856266], -228.445931
22, 18:14:59:49, [3.2363651990890503,-1.8269672989845276,-0.9360739290714264,-5.50923515856266], -388.669016
23, 18:14:59:49, [3.2363651990890503,-1.8269672989845276,-4.011946231126785,-5.50923515856266], -335.726463
24, 18:14:59:49, [3.2363651990890503,-1.8269672989845276,-0.9360739290714264,2.4444452226161957], -422.635081
25, 18:14:59:49, [-3.2801613360643387,7.594044283032417,8.484937652945518,-4.072081312537193], 52.802991
26, 18:14:59:49, [-9.892808489501476,5.043859012424946,3.6392170414328575,9.315271534025669], 412.330553
27, 18:14:59:49, [-1.9520025625824928,-7.015335060656071,-6.1244416907429695,-2.5630333239678293], -238.052071
28, 18:14:59:50, [-0.6841047257184982,8.049924809485674,8.940818179398775,-1.4760247021913528], -60.536640
29, 18:14:59:50, [-1.2929099723696709,-1.8269672989845276,-0.9360739290714264,2.4444452226161957], -464.188918
30, 18:14:59:50, [-1.2929099723696709,-8.31821471080184,-0.9360739290714264,2.4444452226161957], -318.277605
31, 18:14:59:50, [-1.2929099723696709,-1.8269672989845276,-4.180668380111456,2.4444452226161957], -405.806699
32, 18:14:59:50, [-1.2929099723696709,-1.8269672989845276,-0.9360739290714264,1.542476050555706], -478.286628
33, 18:14:59:50, [7.8752949712798,2.2819114085286856,-5.04949814081192,2.734209316316992], -386.509098
34, 18:14:59:50, [1.7326733097434044,4.378769319504499,2.089509353041649,0.7748702429234982], -417.451327
35, 18:14:59:50, [-1.0704783201217651,-1.6045356541872025,-0.7136422842741013,-7.391022818163037], -387.319881
36, 18:14:59:50, [2.221093386411667,7.19401353597641,8.084906905889511,-9.436543107032776], 275.594115
37, 18:14:59:50, [6.845719443634152,-1.8269672989845276,-0.9360739290714264,1.542476050555706], -396.578298
38, 18:14:59:50, [-1.2929099723696709,1.1203603241592646,-0.9360739290714264,1.542476050555706], -466.084101
39, 18:14:59:50, [-1.2929099723696709,1.1203603241592646,4.892418761795852,1.542476050555706], -432.834252
40, 18:14:59:50, [-1.2929099723696709,1.1203603241592646,-0.9360739290714264,-0.9823244288563728], -485.792910
41, 18:14:59:50, [-4.8781526908278465,0.62531478703022,-1.431119466200471,-4.5675671473145485], -382.951695
42, 18:14:59:50, [-5.543428669683635,4.372753485105932,2.316319231875241,2.2700687320902944], -325.653286
43, 18:14:59:50, [1.0540200546383858,-0.030987767007900402,5.517913470044732,2.6720319390296936], -409.254226
44, 18:14:59:50, [-7.997013337910175,5.455702869221568,-0.16960827430011705,-0.2158587740850635], -280.814591
45, 18:14:59:50, [-9.100674092769623,1.1203603241592646,-0.9360739290714264,-0.9823244288563728], -276.915908
46, 18:14:59:50, [-1.2929099723696709,4.879726260900497,-0.9360739290714264,-0.9823244288563728], -465.030724
47, 18:14:59:50, [-1.2929099723696709,1.1203603241592646,1.6991741955280304,-0.9823244288563728], -471.602400
48, 18:14:59:50, [-1.2929099723696709,1.1203603241592646,-0.9360739290714264,6.923795640468597], -397.495831
49, 18:14:59:50, [-6.7759338319301605,0.9260825105011463,3.0275983810424805,8.61040322855115], -75.886828
50, 18:14:59:50, [3.7710121870040894,-2.4609610363841057,4.127848222851753,8.999855911359191], -136.367835
51, 18:14:59:50, [-3.6622945964336395,-5.734504061343614,-2.982478767633438,-7.831751700490713], -137.594269
52, 18:14:59:50, [6.8236285001039505,9.305617710459046,7.180464543402195,-7.425427374430001], 208.774984
53, 18:14:59:50, [2.5917699187994003,1.1203603241592646,-0.9360739290714264,-0.9823244288563728], -457.082753
54, 18:14:59:50, [-1.2929099723696709,3.744186758995056,-0.9360739290714264,-0.9823244288563728], -461.947127
55, 18:14:59:50, [-1.2929099723696709,1.1203603241592646,0.8997787329135463,-0.9823244288563728], -481.536913
56, 18:14:59:50, [-1.2929099723696709,1.1203603241592646,0.8997787329135463,7.867073804140091], -340.169858
57, 18:14:59:51, [1.6485411766916513,-5.1699128895998,-8.932199828326702,-7.272597640752792], 31.122668
58, 18:14:59:51, [-1.042461276287213,2.892698362469673,-7.061037793755531,6.856712872628123], -332.921320
59, 18:14:59:51, [9.398173969238997,5.929102500900626,-8.167966396547854,6.121385343372822], -351.868200
60, 18:14:59:51, [3.1815772940171883,2.457130321767181,2.236548730637878,-9.09632255975157], -179.299688
61, 18:14:59:51, [-4.526075966656208,1.1203603241592646,0.8997787329135463,-0.9823244288563728], -443.407865
62, 18:14:59:51, [-1.2929099723696709,-8.495488204061985,0.8997787329135463,-0.9823244288563728], -359.529481
63, 18:14:59:51, [-1.2929099723696709,1.1203603241592646,1.0728735364973545,-0.9823244288563728], -479.454553
64, 18:14:59:51, [-1.2929099723696709,1.1203603241592646,0.8997787329135463,-9.005107096105348], -268.066837
65, 18:14:59:51, [-4.728560872375965,-4.331997536122799,3.95275357645005,-9.073382399976254], -30.614707
66, 18:14:59:51, [0.42501018941402435,2.8382804840803146,-3.0841040648519993,0.7355957329273224], -434.423193
67, 18:14:59:51, [9.43317053373903,3.084364117705263,-1.5067182769998908,-9.108579635620117], -49.103733
68, 18:14:59:51, [-6.7803237216721755,2.193126868456602,6.951310470700264,0.34473775420337915], -231.692129
69, 18:14:59:51, [5.026009717257693,1.1203603241592646,0.8997787329135463,-0.9823244288563728], -446.088670
70, 18:14:59:51, [-1.2929099723696709,-8.340800784528255,0.8997787329135463,-0.9823244288563728], -370.083952
71, 18:14:59:51, [-1.2929099723696709,1.1203603241592646,7.353794600814581,-0.9823244288563728], -375.150339
72, 18:14:59:51, [-1.2929099723696709,1.1203603241592646,0.8997787329135463,-6.201321631669998], -409.969885
73, 18:14:59:51, [8.670630159322172,-8.150175742339343,5.713740227278322,7.139704138040543], 416.276051
74, 18:14:59:51, [-0.41847506165504456,8.272445067763329,-2.597423552069813,6.169760316610336], -372.550819
75, 18:14:59:51, [9.212506998563185,5.887777745723724,3.604168027639389,-3.6424679283518344], -215.864141
76, 18:14:59:51, [-0.41425225138664246,4.774151040415745,1.1463788753608242,9.508124895357469], -260.605234
77, 18:14:59:51, [-5.572210520505905,1.1203603241592646,0.8997787329135463,-0.9823244288563728], -435.256641
78, 18:14:59:51, [-1.2929099723696709,-6.726871959166601,0.8997787329135463,-0.9823244288563728], -451.977967
79, 18:14:59:51, [-1.2929099723696709,1.1203603241592646,-6.557535111904144,-0.9823244288563728], -423.269475
80, 18:14:59:51, [-1.2929099723696709,1.1203603241592646,0.8997787329135463,-3.4279260635375977], -443.504618
81, 18:14:59:51, [-1.2929099723696709,1.1203603241592646,-0.9360739290714264,-0.9823244288563728], -485.792910
