start_time : 2024_11_18_14:35:08
name : labopt_logs\lab_opt_2024_11\optimization__2024-11-18-14-35__ahgo__.txt
method : ahgo
args : (6, 8, -5, 2)
paras_init : array([3, 0, 4, 2])
bounds : ((-10, 10), (-10, 10), (-10, 10), (-10, 10))
max_run : 10
form : rounds, time, parameters, cost 


0, 18:14:35:09, [3,0,4,2], -319.569569
1, 18:14:35:09, [4.500323921442032,1.5003239214420319,5.500323921442032,-2.737117312848568], -304.077056
2, 18:14:35:09, [9.866236254572868,0.45308302342891693,-9.133763745427132,-3.7843582034111023], -347.327674
3, 18:14:35:09, [9.278694808483124,5.101523607969284,-4.4853231608867645,0.8640823811292648], -455.557532
4, 18:14:35:09, [9.89268414163962,-8.21904943138361,-3.8713338277302682,7.543509341776371], -160.210995
5, 18:14:35:09, [2.638483189046383,-8.21904943138361,-3.8713338277302682,7.543509341776371], -161.456389
6, 18:14:35:09, [2.638483189046383,1.1113876178860664,-3.8713338277302682,7.543509341776371], -375.992510
7, 18:14:35:09, [2.638483189046383,1.1113876178860664,-9.5776948928833,7.543509341776371], -356.516218
8, 18:14:35:09, [2.638483189046383,1.1113876178860664,-9.5776948928833,9.169684770517051], -331.156380
9, 18:14:35:09, [-7.194901138544083,-2.3818254843354225,0.5889207869768143,5.6764716655015945], -165.788232
10, 18:14:35:09, [0.4479655995965004,-1.079129971563816,5.460003599524498,6.979167181998491], -248.960349
11, 18:14:35:09, [4.01468276232481,-9.190392810851336,9.026720762252808,-1.1320956572890282], 32.758591
12, 18:14:35:09, [-7.4982243701815605,-9.025319941341877,2.048470951616764,-0.9670227877795696], 49.354778
13, 18:14:35:09, [-7.12820141762495,-1.079129971563816,5.460003599524498,6.979167181998491], -109.594307
14, 18:14:35:09, [0.4479655995965004,1.1954043209552765,5.460003599524498,6.979167181998491], -279.301385
15, 18:14:35:09, [0.4479655995965004,1.1954043209552765,-8.97085452079773,6.979167181998491], -363.778336
16, 18:14:35:09, [0.4479655995965004,1.1954043209552765,-8.97085452079773,-7.981388092041016], -288.945439
17, 18:14:35:09, [7.339732885360718,6.2792514860630035,-3.8870073556900024,-2.8975409269332886], -445.132661
18, 18:14:35:09, [7.417857050895691,6.357375651597977,4.271992713212967,5.261459141969681], -388.910247
19, 18:14:35:09, [-6.013093426823616,-6.339270565658808,8.35529862344265,3.55849514529109], 49.705287
20, 18:14:35:09, [9.278694808483124,5.101523607969284,-4.4853231608867645,0.8640823811292648], -455.557532
