start_time : 2024_11_18_15:07:14
name : labopt_logs\lab_opt_2024_11\optimization__2024-11-18-15-07__dual_annealing__.txt
method : dual_annealing
args : (6, 8, -5, 2)
paras_init : array([3, 0, 4, 2])
bounds : ((-10, 10), (-10, 10), (-10, 10), (-10, 10))
max_run : 10
form : rounds, time, parameters, cost 


0, 18:15:07:14, [3,0,4,2], -402.751738
1, 18:15:07:14, [0.3410484492778778,5.933778405189514,1.3410484492778778,7.933778405189514], -325.964065
2, 18:15:07:14, [4.878024384379387,7.682013493031263,3.089283537119627,-7.529245659708977], -171.420980
3, 18:15:07:14, [0.4446645602583885,8.053133174777031,-1.3440762870013714,8.037394516170025], -320.737555
4, 18:15:07:14, [-2.886906525120139,-6.889344729483128,-4.675647372379899,4.705823430791497], -212.782763
5, 18:15:07:14, [3.3847482800483704,-6.889344729483128,-4.675647372379899,4.705823430791497], -215.257540
6, 18:15:07:15, [3.3847482800483704,5.551942028105259,-4.675647372379899,4.705823430791497], -450.724125
7, 18:15:07:15, [3.3847482800483704,5.551942028105259,9.931817680597305,4.705823430791497], -21.797658
8, 18:15:07:15, [3.3847482800483704,5.551942028105259,9.931817680597305,-1.1981657594442368], -88.180631
9, 18:15:07:15, [6.680111549794674,8.847305297851562,-6.772819049656391,2.097197510302067], -465.354369
10, 18:15:07:15, [8.110078766942024,-9.297091349959373,-4.917215704917908,3.527164727449417], 173.252287
11, 18:15:07:15, [-8.123034104704857,-4.8206044882535934,-1.575964704155922,7.294051855802536], -9.906036
12, 18:15:07:15, [1.3421998620033264,8.404563773423433,2.2112302239984274,1.6544559858739376], -350.967525
13, 18:15:07:15, [-7.1601363234221935,8.404563773423433,2.2112302239984274,1.6544559858739376], -122.586376
14, 18:15:07:15, [1.3421998620033264,-8.963837265968323,2.2112302239984274,1.6544559858739376], -240.640505
15, 18:15:07:15, [1.3421998620033264,-8.963837265968323,8.687680006027222,1.6544559858739376], 93.576534
16, 18:15:07:15, [1.3421998620033264,-8.963837265968323,2.2112302239984274,-5.614603769034147], -133.929468
17, 18:15:07:15, [8.805025532841682,-0.6747769415378571,-0.5486744567751884,9.117281660437584], -151.332443
18, 18:15:07:15, [-9.279555931687355,-9.360624246299267,1.8144432455301285,2.575208231806755], 226.261639
19, 18:15:07:15, [0.038188046775758266,9.732150918804109,-3.2414499670267105,-3.7982241958379745], -321.157578
20, 18:15:07:15, [-8.847887516021729,0.8460753560066223,7.87247446924448,7.315700240433216], 289.684577
21, 18:15:07:15, [-7.562919415533543,9.732150918804109,-3.2414499670267105,-3.7982241958379745], 19.321271
22, 18:15:07:15, [0.038188046775758266,-2.371627541258931,-3.2414499670267105,-3.7982241958379745], -398.936173
23, 18:15:07:15, [0.038188046775758266,-2.371627541258931,-6.193738643079996,-3.7982241958379745], -355.168299
24, 18:15:07:15, [0.038188046775758266,-2.371627541258931,-3.2414499670267105,4.519099771976471], -399.919638
25, 18:15:07:15, [-1.4327841959893703,-1.4925584644079208,-6.766187536530197,-7.774422304704785], -217.683183
26, 18:15:07:15, [1.0647497288882732,0.10089237987995148,2.2305921465158463,5.02444776520133], -418.570055
27, 18:15:07:15, [-8.96001922339201,1.8782855160534382,-7.657656446099281,-2.625882461667061], -9.433577
28, 18:15:07:15, [0.3676208406686783,-0.5962365120649338,1.533463254570961,4.327318876981735], -446.186384
29, 18:15:07:15, [0.8462139517068863,-0.5962365120649338,1.533463254570961,4.327318876981735], -439.330722
30, 18:15:07:15, [0.8462139517068863,-3.4015470147132874,1.533463254570961,4.327318876981735], -400.935949
31, 18:15:07:15, [0.8462139517068863,-0.5962365120649338,-2.186812411993742,4.327318876981735], -439.877297
32, 18:15:07:15, [0.8462139517068863,-0.5962365120649338,-2.186812411993742,-4.254952618852258], -428.532576
33, 18:15:07:15, [-7.005099333822727,5.786623522639275,4.196047618985176,7.893734097480774], 11.643629
34, 18:15:07:15, [1.9426069874316454,0.035811742302030325,4.254630333511159,-9.673069581389427], -138.483606
35, 18:15:07:15, [-8.671587586402893,-7.056548584252596,-8.647124484181404,9.284735307097435], 897.168463
36, 18:15:07:16, [4.3775826171040535,-6.888853391632438,1.3445562571287155,-3.3080999618396163], -287.087183
37, 18:15:07:16, [1.5447261705994606,-0.5962365120649338,-2.186812411993742,-4.254952618852258], -416.981230
38, 18:15:07:16, [1.5447261705994606,4.513993002474308,-2.186812411993742,-4.254952618852258], -398.950247
39, 18:15:07:16, [1.5447261705994606,-0.5962365120649338,8.548013130530308,-4.254952618852258], -220.309368
40, 18:15:07:16, [1.5447261705994606,-0.5962365120649338,-2.186812411993742,-1.8231894932687283], -453.713180
41, 18:15:07:16, [0.47055633924901485,9.505792800337076,-1.501226829830557,6.270804062485695], -365.216405
42, 18:15:07:16, [6.7382850628346205,-7.0873362720012665,5.974386110901833,3.3703693989664316], -43.295228
43, 18:15:07:16, [9.701357513666153,7.560394831001759,5.969818934798241,-8.030909582972527], 235.660029
44, 18:15:07:16, [-7.008910499513149,-9.149873182177544,6.773075799457729,-3.6316785514354706], 217.366761
45, 18:15:07:16, [-9.986934039741755,-0.5962365120649338,-2.186812411993742,-1.8231894932687283], -181.051572
46, 18:15:07:16, [1.5447261705994606,-8.030610183253884,-2.186812411993742,-1.8231894932687283], -306.353478
47, 18:15:07:16, [1.5447261705994606,-0.5962365120649338,5.680243760347366,-1.8231894932687283], -427.058688
48, 18:15:07:16, [1.5447261705994606,-0.5962365120649338,-2.186812411993742,1.4901455375365913], -447.157340
49, 18:15:07:16, [-7.367187708616257,-9.508150391280651,-8.12985120806843,-7.421768341213465], 797.537853
50, 18:15:07:16, [-3.8827051813714206,4.68377479352057,3.0931988935917616,-6.29061427526176], -256.329162
51, 18:15:07:16, [-5.023540288209915,-8.430192555300891,-8.974903389811516,-5.0781209245324135], 339.172263
52, 18:15:07:16, [6.7923096641898155,4.651346981525421,3.060771081596613,6.7377290315926075], -308.966075
53, 18:15:07:16, [-5.814767509698868,-0.5962365120649338,-2.186812411993742,1.4901455375365913], -409.720618
54, 18:15:07:16, [1.5447261705994606,-8.513456758111715,-2.186812411993742,1.4901455375365913], -266.283466
55, 18:15:07:16, [1.5447261705994606,-0.5962365120649338,6.6930297911167145,1.4901455375365913], -383.295192
56, 18:15:07:16, [1.5447261705994606,-0.5962365120649338,-2.186812411993742,-0.8290312197059393], -465.663789
57, 18:15:07:16, [-9.746214419603348,-0.9499293193221092,6.52224700152874,2.5461072740145028], -13.120467
58, 18:15:07:16, [-6.394142003264278,2.3261806592345238,6.30303056538105,-0.6614978834986687], -288.680533
59, 18:15:07:16, [-3.436720833182335,3.500245586037636,1.9096696823835373,1.9682362526655197], -372.550901
60, 18:15:07:16, [4.515756547451019,-4.890234529040754,-2.136584644104005,2.1419991552829742], -350.443680
61, 18:15:07:16, [-4.4963907385244966,-0.5962365120649338,-2.186812411993742,-0.8290312197059393], -445.727783
62, 18:15:07:16, [1.5447261705994606,5.2629953026771545,-2.186812411993742,-0.8290312197059393], -458.792620
63, 18:15:07:16, [1.5447261705994606,-0.5962365120649338,-6.9254529774188995,-0.8290312197059393], -419.587758
64, 18:15:07:16, [1.5447261705994606,-0.5962365120649338,-2.186812411993742,1.439280740916729], -447.917797
65, 18:15:07:17, [-5.581618010997772,-5.530093632638454,5.485024072811939,-3.8966204999014735], -253.056382
66, 18:15:07:17, [-3.1837718853494152,-5.113737739622593,-7.159243781585246,-5.346532449126244], -144.467102
67, 18:15:07:17, [-5.550397701561451,-7.691360384225845,-9.281936287879944,2.8977797445841134], 209.950756
68, 18:15:07:17, [-5.130572462454438,-7.271535145118833,-0.51837457716465,-7.504329852759838], -105.936794
69, 18:15:07:17, [-0.05252143740653992,-0.5962365120649338,-2.186812411993742,-0.8290312197059393], -487.556598
70, 18:15:07:17, [-0.05252143740653992,2.1338478326797485,-2.186812411993742,-0.8290312197059393], -457.921113
71, 18:15:07:17, [-0.05252143740653992,-0.5962365120649338,7.825533777475357,-0.8290312197059393], -377.441950
72, 18:15:07:17, [-0.05252143740653992,-0.5962365120649338,-2.186812411993742,0.2140946052968502], -485.467718
73, 18:15:07:17, [-3.5720384754240513,-2.5892622503452003,-5.706329450011253,3.1603426784276962], -314.959029
74, 18:15:07:17, [-3.9838164799148217,4.401077225804329,7.492170189507306,7.40364507609047], -18.894879
75, 18:15:07:17, [4.581429600715637,4.037714526057243,2.447138622403145,4.848045647144318], -385.990236
76, 18:15:07:17, [3.7863531559705734,4.366255503380671,-0.3568577915430069,-7.652580551803112], -323.642013
77, 18:15:07:17, [-9.820060670375824,-0.5962365120649338,-2.186812411993742,0.2140946052968502], -213.352628
78, 18:15:07:17, [-0.05252143740653992,7.285293284803629,-2.186812411993742,0.2140946052968502], -445.716556
79, 18:15:07:17, [-0.05252143740653992,-0.5962365120649338,-9.009961813688278,0.2140946052968502], -352.117445
80, 18:15:07:17, [-0.05252143740653992,-0.5962365120649338,-2.186812411993742,4.618358761072159], -447.115746
81, 18:15:07:17, [-0.05252143740653992,-0.5962365120649338,-2.186812411993742,-0.8290312197059393], -487.556598
