start_time : 2024_11_18_15:00:55
name : labopt_logs\lab_opt_2024_11\optimization__2024-11-18-15-00__dual_annealing__.txt
method : dual_annealing
args : (6, 8, -5, 2)
paras_init : array([3, 0, 4, 2])
bounds : ((-10, 10), (-10, 10), (-10, 10), (-10, 10))
max_run : 10
form : rounds, time, parameters, cost 


0, 18:15:00:56, [3,0,4,2], -402.751738
1, 18:15:00:56, [-4.552289754152298,-7.552289754152298,-3.552289754152298,-5.552289754152298], -126.199328
2, 18:15:00:56, [-5.037167452275753,7.242756026796997,-8.757243973203003,9.242756026796997], 114.293718
3, 18:15:00:56, [-1.6181004643440247,-9.338176980614662,-5.338176980614662,8.530587587505579], 250.049316
4, 18:15:00:56, [6.03955914825201,5.209328070282936,9.209328070282936,-3.811752799898386], -17.919147
5, 18:15:00:56, [-4.713873822242022,5.209328070282936,9.209328070282936,-3.811752799898386], 26.766305
6, 18:15:00:56, [-4.713873822242022,-1.016028806567192,9.209328070282936,-3.811752799898386], -115.253421
7, 18:15:00:56, [-4.713873822242022,-1.016028806567192,1.6678855195641518,-3.811752799898386], -409.168094
8, 18:15:00:56, [-4.713873822242022,-1.016028806567192,1.6678855195641518,-4.18436586856842], -402.728314
9, 18:15:00:56, [0.6745914071798325,7.712044220417738,-9.604041453450918,4.54370715841651], -328.081924
10, 18:15:00:56, [0.6499450737610459,1.3439143747091293,0.7441269569098949,-1.824422687292099], -461.793495
11, 18:15:00:56, [-2.4222429990768433,-1.7282736971974373,-2.328061118721962,8.584203079342842], -249.836852
12, 18:15:00:56, [6.432348236441612,-0.9598279744386673,7.381278553511947,0.9289780631661415], -250.852510
13, 18:15:00:56, [-3.198472708463669,1.3439143747091293,0.7441269569098949,-1.824422687292099], -440.829492
14, 18:15:00:56, [0.6499450737610459,-8.836197689175606,0.7441269569098949,-1.824422687292099], -308.078921
15, 18:15:00:56, [0.6499450737610459,1.3439143747091293,-9.018453925848007,-1.824422687292099], -340.140278
16, 18:15:00:56, [0.6499450737610459,1.3439143747091293,0.7441269569098949,-9.539954833686352], -234.027170
17, 18:15:00:56, [7.482857197523117,9.32867132127285,8.728883907198906,5.008489429950714], 155.286025
18, 18:15:00:56, [2.914694130420685,3.608663432300091,3.008876010775566,0.44032637029886246], -398.651037
19, 18:15:00:56, [4.005355209112167,3.917889444157481,4.099537089467049,0.7495523821562529], -390.203935
20, 18:15:00:56, [2.4762893095612526,3.1702586114406586,2.570471193641424,6.977379381656647], -323.088192
21, 18:15:00:56, [-2.4966012611985207,1.3439143747091293,0.7441269569098949,-1.824422687292099], -451.383093
22, 18:15:00:57, [-2.4966012611985207,2.7915755957365036,0.7441269569098949,-1.824422687292099], -426.601758
23, 18:15:00:57, [-2.4966012611985207,2.7915755957365036,6.7886292934417725,-1.824422687292099], -328.617406
24, 18:15:00:57, [-2.4966012611985207,2.7915755957365036,0.7441269569098949,7.81549047678709], -297.460047
25, 18:15:00:57, [6.182438313961029,-0.8684610426425934,9.423166528344154,-9.095855072140694], 340.215213
26, 18:15:00:57, [-6.576677075587213,-1.2885002186521888,0.33140004239976406,-1.9032491594552994], -432.215883
27, 18:15:00:57, [-9.302649818360806,6.9305048659443855,-1.2356044352054596,-4.629221901297569], 12.768734
28, 18:15:00:57, [-6.680472180247307,9.6683649122715,-8.121044091880322,-2.007044270634651], 13.277740
29, 18:15:00:57, [9.185726448893547,-1.2885002186521888,0.33140004239976406,-1.9032491594552994], -311.895657
30, 18:15:00:57, [-6.576677075587213,6.09938382729888,0.33140004239976406,-1.9032491594552994], -311.689935
31, 18:15:00:57, [-6.576677075587213,-1.2885002186521888,6.227202504873276,-1.9032491594552994], -327.571870
32, 18:15:00:57, [-6.576677075587213,-1.2885002186521888,0.33140004239976406,8.193420469760895], -179.601680
33, 18:15:00:57, [-4.134916123468429,1.1532607334665954,9.626834944123402,0.5385117926634848], -152.968578
34, 18:15:00:57, [7.542280741035938,-7.1695424020290375,-5.549642138183117,-7.7842913419008255], 194.981957
35, 18:15:00:57, [-9.079846799373627,1.7828651368618011,-6.9646055996418,-9.978109282092191], 487.174797
36, 18:15:00:57, [-4.417652181349695,2.0650816038250923,3.684981867671013,-9.459618300199509], -58.820768
37, 18:15:00:57, [-2.085301235318184,-1.2885002186521888,0.33140004239976406,-1.9032491594552994], -489.870356
38, 18:15:00:57, [-2.085301235318184,-9.509252559393644,0.33140004239976406,-1.9032491594552994], -255.834863
39, 18:15:00:57, [-2.085301235318184,-1.2885002186521888,-2.6044359377847286,-1.9032491594552994], -449.960558
40, 18:15:00:57, [-2.085301235318184,-1.2885002186521888,0.33140004239976406,-0.9188660532236099], -502.138392
41, 18:15:00:57, [8.651205763220787,-1.2158981412649155,-0.712308494374156,6.887858554720879], -264.296072
42, 18:15:00:57, [-0.18499093502759933,-6.525440081954002,8.90132451057434,-9.1268519051373], 350.459382
43, 18:15:00:57, [-8.702527210116386,-3.9751722102519125,8.36987280100584,-1.6102417185902596], 82.524478
44, 18:15:00:57, [-7.824484076350927,-7.027683060616255,-1.9147025421261787,-6.658048894256353], 20.319000
45, 18:15:00:57, [5.703785270452499,-1.2885002186521888,0.33140004239976406,-0.9188660532236099], -446.761136
46, 18:15:00:57, [-2.085301235318184,-4.947016641963273,0.33140004239976406,-0.9188660532236099], -474.048743
47, 18:15:00:57, [-2.085301235318184,-1.2885002186521888,-0.05510528385639191,-0.9188660532236099], -503.059606
48, 18:15:00:57, [-2.085301235318184,-1.2885002186521888,-0.05510528385639191,1.984648771584034], -471.295050
49, 18:15:00:57, [-9.691260486841202,-4.864563855342567,1.5815983230713755,4.7826794013381], -14.418434
50, 18:15:00:57, [0.10975927859544754,0.9065602943301201,2.1399552300572395,1.2761944606900215], -453.509538
51, 18:15:00:58, [3.5442203134298325,5.108654052019119,5.5744162648916245,7.1993289813399315], -246.733637
52, 18:15:00:58, [9.0925183147192,-9.685670144855976,-8.75403793901205,8.909753125160933], 971.329717
53, 18:15:00:58, [9.315279773436487,-1.2885002186521888,-0.05510528385639191,-0.9188660532236099], -333.396603
54, 18:15:00:58, [-2.085301235318184,-1.1331145837903023,-0.05510528385639191,-0.9188660532236099], -503.712546
55, 18:15:00:58, [-2.085301235318184,-1.1331145837903023,-5.903775706363376,-0.9188660532236099], -418.664405
56, 18:15:00:58, [-2.085301235318184,-1.1331145837903023,-0.05510528385639191,-1.6763450354337692], -495.178789
57, 18:15:00:58, [4.448711638804525,-2.900451948866248,0.6554270833730698,3.182169869542122], -384.542563
58, 18:15:00:58, [-1.7471508234739304,4.827538698678836,-6.459497779607773,-0.5807156413793564], -422.972392
59, 18:15:00:58, [5.7608773480169475,1.1856689453125,-7.717577546136454,-6.111572300083935], -285.330350
60, 18:15:00:58, [-3.527295032981783,-2.5751083814539015,-1.4970990815199912,-3.104526439681649], -414.479228
61, 18:15:00:58, [9.99740192014724,-1.1331145837903023,-0.05510528385639191,-0.9188660532236099], -316.105977
62, 18:15:00:58, [-2.085301235318184,-2.5853136740624905,-0.05510528385639191,-0.9188660532236099], -490.219071
63, 18:15:00:58, [-2.085301235318184,-1.1331145837903023,8.729341261088848,-0.9188660532236099], -301.821529
64, 18:15:00:58, [-2.085301235318184,-1.1331145837903023,-0.05510528385639191,-5.3804532253416255], -440.984256
65, 18:15:00:58, [-0.5505245812237263,1.392272248864174,1.4796713702380657,-0.14876652136445045], -473.167861
66, 18:15:00:58, [2.2007576562464237,7.34541542828083,4.350649207830429,-8.909186637029052], -48.181070
67, 18:15:00:58, [7.106050983071327,-8.549432963132858,-4.1640659514814615,7.556647010147572], 193.893080
68, 18:15:00:58, [8.317019514739513,2.928884936729446,-5.911400421609869,-9.698826361447573], -1.507417
69, 18:15:00:58, [0.5700287753716111,-1.1331145837903023,-0.05510528385639191,-0.9188660532236099], -503.058274
70, 18:15:00:58, [0.5700287753716111,3.2612010538578033,-0.05510528385639191,-0.9188660532236099], -463.679017
71, 18:15:00:58, [0.5700287753716111,-1.1331145837903023,-0.18736900389194489,-0.9188660532236099], -503.153161
72, 18:15:00:58, [0.5700287753716111,-1.1331145837903023,-0.18736900389194489,4.974730767309666], -455.559689
73, 18:15:00:58, [1.344196856021881,-7.52622165158391,-2.4020997434854507,-0.14469797909259796], -351.540852
74, 18:15:00:58, [3.354356411146,-9.457805347628891,-3.1067420665640384,2.0073509998619556], -110.949634
75, 18:15:00:58, [-6.742191042751074,-7.605246767401695,3.106598600745201,-1.6867415010929108], -225.753667
76, 18:15:00:58, [-5.080509287072346,0.3525421661324799,-5.429034695029259,-6.0594101483002305], -260.929741
77, 18:15:00:58, [3.1523570865392685,-1.1331145837903023,-0.18736900389194489,-0.9188660532236099], -465.804683
78, 18:15:00:58, [0.5700287753716111,9.995559379458427,-0.18736900389194489,-0.9188660532236099], -396.736713
79, 18:15:00:58, [0.5700287753716111,-1.1331145837903023,-6.2945352751994506,-0.9188660532236099], -433.231321
80, 18:15:00:59, [0.5700287753716111,-1.1331145837903023,-0.18736900389194489,0.14897078508511186], -501.609917
81, 18:15:00:59, [-2.085301235318184,-1.1331145837903023,-0.05510528385639191,-0.9188660532236099], -503.712546
