start_time : 2024_11_18_15:10:36
name : labopt_logs\lab_opt_2024_11\optimization__2024-11-18-15-10__dual_annealing__.txt
method : dual_annealing
args : (6, 8, -5, 2)
paras_init : array([3, 0, 4, 2])
bounds : ((-10, 10), (-10, 10), (-10, 10), (-10, 10))
max_run : 10
form : rounds, time, parameters, cost 


0, 18:15:10:37, [3,0,4,2], -402.751738
1, 18:15:10:37, [8.231549680233002,8.908258125185966,9.231549680233002,7.231549680233002], 375.351708
2, 18:15:10:37, [-8.26721103489399,8.73278896510601,-1.3294219560921192,-3.329421956092119], -20.220279
3, 18:15:10:37, [5.51691260188818,2.51691260188818,1.1312699280679226,-0.8687300719320774], -430.828619
4, 18:15:10:37, [6.815138563513756,1.0677267648279667,2.4294958859682083,0.4294958859682083], -387.797422
5, 18:15:10:37, [9.94959706068039,1.0677267648279667,2.4294958859682083,0.4294958859682083], -284.813243
6, 18:15:10:37, [9.94959706068039,-7.804189622402191,2.4294958859682083,0.4294958859682083], 71.025446
7, 18:15:10:37, [9.94959706068039,-7.804189622402191,-0.7374596856534481,0.4294958859682083], -3.202006
8, 18:15:10:37, [9.94959706068039,-7.804189622402191,-0.7374596856534481,-4.247173838317394], 116.716747
9, 18:15:10:37, [-3.42584191262722,-1.1796285957098007,5.887101341038942,-0.7392869889736176], -431.250656
10, 18:15:10:37, [5.969078004360199,8.215291321277618,-4.7179787419736385,8.655632928013802], -333.270541
11, 18:15:10:37, [7.776466652750969,-9.977320030331612,4.532233878970146,-2.0941544473171234], 230.148294
12, 18:15:10:37, [-3.8629957661032677,-1.6167824491858482,5.449947487562895,-2.543053027242422], -401.974260
13, 18:15:10:37, [1.795260488986969,-1.6167824491858482,5.449947487562895,-2.543053027242422], -404.216302
14, 18:15:10:37, [1.795260488986969,-5.027521580457687,5.449947487562895,-2.543053027242422], -351.328785
15, 18:15:10:37, [1.795260488986969,-5.027521580457687,4.9034628346562386,-2.543053027242422], -364.302547
16, 18:15:10:37, [1.795260488986969,-5.027521580457687,4.9034628346562386,-6.500655636191368], -252.071774
17, 18:15:10:37, [-8.83331555314362,4.343902377411723,-6.443896573036909,2.1519849561154842], -86.724647
18, 18:15:10:37, [8.272055700421333,-9.573817037045956,-8.619741946458817,-0.023860424757003784], 380.015822
19, 18:15:10:37, [1.616792974062264,4.986770369112492,5.925879606977105,3.513636313378811], -332.253765
20, 18:15:10:37, [6.114730089902878,9.484707474708557,7.891874730587006,8.011573433876038], 184.683570
21, 18:15:10:37, [7.129301942884922,4.986770369112492,5.925879606977105,3.513636313378811], -269.746765
22, 18:15:10:37, [1.616792974062264,1.7096675485372543,5.925879606977105,3.513636313378811], -353.319585
23, 18:15:10:38, [1.616792974062264,1.7096675485372543,4.603732496500015,3.513636313378811], -378.952799
24, 18:15:10:38, [1.616792974062264,1.7096675485372543,4.603732496500015,-0.6746315434575081], -422.578671
25, 18:15:10:38, [-9.91137296706438,-7.972548084333539,-6.924433447420597,3.261987891048193], 463.896119
26, 18:15:10:38, [-0.6302122175693512,-3.1287587955594063,4.5030330484732985,-5.513057887554169], -378.182710
27, 18:15:10:38, [2.427866294980049,2.5207408666610718,-7.268222734332085,-2.414659172296524], -380.502992
28, 18:15:10:38, [7.287514387862757,-6.910444751381874,3.4043730795383453,4.996089870342985], -73.961553
29, 18:15:10:38, [-7.754218861460686,1.7096675485372543,4.603732496500015,-0.6746315434575081], -292.671287
30, 18:15:10:38, [1.616792974062264,4.388435614760965,4.603732496500015,-0.6746315434575081], -403.579139
31, 18:15:10:38, [1.616792974062264,4.388435614760965,5.581397017464042,-0.6746315434575081], -386.821224
32, 18:15:10:38, [1.616792974062264,4.388435614760965,5.581397017464042,-1.9722402421757579], -366.762767
33, 18:15:10:38, [-9.969824224710464,6.449647307395935,7.510185576975346,-3.310801046900451], 369.408370
34, 18:15:10:38, [-3.097646549344063,9.318349100649357,5.570680119097233,-3.2909353524446487], -94.014852
35, 18:15:10:38, [-5.2053061202168465,-2.4336634799838066,-7.090207951609045,-0.13059744983911514], -289.992744
36, 18:15:10:38, [-3.6859130561351776,-0.9142704159021378,-3.6553370133042336,6.545092508196831], -312.428021
37, 18:15:10:38, [-7.118552535772324,4.388435614760965,5.581397017464042,-1.9722402421757579], -215.740442
38, 18:15:10:38, [1.616792974062264,-1.6965737473219633,5.581397017464042,-1.9722402421757579], -417.121538
39, 18:15:10:38, [1.616792974062264,-1.6965737473219633,0.6206447780132294,-1.9722402421757579], -460.754752
40, 18:15:10:38, [1.616792974062264,-1.6965737473219633,0.6206447780132294,-1.703175127506256], -465.251578
41, 18:15:10:38, [4.320066599175334,5.903876665979624,-8.025922149419785,9.530484240502119], -268.172270
42, 18:15:10:38, [0.03787650913000107,-7.092871353030205,-5.317764081060886,3.9522225707769394], -252.438076
43, 18:15:10:38, [2.728991650044918,-4.300798538373783,7.875892365642358,5.552072460122872], -114.870270
44, 18:15:10:38, [-7.924817529506981,-7.500194516964257,-9.094813365489244,8.588581144809723], 811.644591
45, 18:15:10:38, [6.521387688815594,-1.6965737473219633,0.6206447780132294,-1.703175127506256], -402.692419
46, 18:15:10:38, [1.616792974062264,8.57039089128375,0.6206447780132294,-1.703175127506256], -385.120645
47, 18:15:10:38, [1.616792974062264,-1.6965737473219633,-7.06283522117883,-1.703175127506256], -380.274362
48, 18:15:10:38, [1.616792974062264,-1.6965737473219633,0.6206447780132294,1.082851454615593], -460.226746
49, 18:15:10:38, [6.1627721935510635,4.4697287157177925,7.461212981492281,-5.592203373089433], -111.778765
50, 18:15:10:38, [6.89486326277256,9.651635855436325,-8.031145617365837,4.412581701762974], -420.140442
51, 18:15:10:39, [-0.6576358824968338,9.915745936334133,-1.6537840813398361,-5.9796909522410715], -262.764524
52, 18:15:10:39, [1.9090985767543316,-0.23743905127048492,0.9129503816366196,1.3751570582389832], -453.706697
53, 18:15:10:39, [-4.27949770539999,-1.6965737473219633,0.6206447780132294,1.082851454615593], -456.008657
54, 18:15:10:39, [-4.27949770539999,-6.731666728854179,0.6206447780132294,1.082851454615593], -386.118225
55, 18:15:10:39, [-4.27949770539999,-1.6965737473219633,1.9337302853818983,1.082851454615593], -441.422865
56, 18:15:10:39, [-4.27949770539999,-1.6965737473219633,0.6206447780132294,-4.8500739694572985], -404.799664
57, 18:15:10:39, [-1.4657563269138336,1.1171676218509674,3.643374877050519,-8.969277791678905], -213.147423
58, 18:15:10:39, [7.979769319295883,-2.430933967232704,-3.197800721041858,-6.657881528139114], -174.985623
59, 18:15:10:39, [9.567061208188534,6.525782071053982,-5.359046433120966,2.7426033029332757], -427.409759
60, 18:15:10:39, [5.742983274161816,8.325907230377197,2.2965053245425224,-0.6661838693544269], -378.166898
61, 18:15:10:39, [-3.363403372466564,-1.6965737473219633,0.6206447780132294,1.082851454615593], -463.897173
62, 18:15:10:39, [-3.363403372466564,8.308609578874893,0.6206447780132294,1.082851454615593], -318.576988
63, 18:15:10:39, [-3.363403372466564,-1.6965737473219633,9.171746293082833,1.082851454615593], -213.288779
64, 18:15:10:39, [-3.363403372466564,-1.6965737473219633,0.6206447780132294,6.45180182158947], -362.916063
65, 18:15:10:39, [-2.9282599072903395,-0.7871422916650772,-8.014361336827278,-8.348125303629786], -64.810994
66, 18:15:10:39, [8.867043511942029,4.120698191225529,-0.06512100622057915,4.583224214613438], -381.396969
67, 18:15:10:39, [5.159649074077606,6.826478689908981,-1.5068591367453337,3.6922618225216866], -468.660749
68, 18:15:10:39, [-9.223778964951634,-9.034680067328736,4.109712824225426,4.90997832082212], 366.277170
69, 18:15:10:39, [-5.528603220358491,6.826478689908981,-1.5068591367453337,3.6922618225216866], -301.310466
70, 18:15:10:39, [5.159649074077606,-4.378305457532406,-1.5068591367453337,3.6922618225216866], -346.449529
71, 18:15:10:39, [5.159649074077606,6.826478689908981,8.354985602200031,3.6922618225216866], -114.980896
72, 18:15:10:39, [5.159649074077606,6.826478689908981,-1.5068591367453337,3.7681966917589307], -468.931795
73, 18:15:10:39, [-9.41500248759985,-6.891095870174468,-9.866967090405524,9.193545132875443], 1164.048358
74, 18:15:10:39, [2.7745023369789124,-7.943480663001537,-7.172826452180743,-0.0730087956180796], -147.043340
75, 18:15:10:39, [8.45432361960411,5.509387319907546,1.7878154069185257,-5.876196503639221], -244.922457
76, 18:15:10:39, [-0.45756804943084717,3.0009752893820405,-5.3323625372722745,-5.442569525213912], -361.365993
77, 18:15:10:39, [-8.467653255909681,6.826478689908981,-1.5068591367453337,3.7681966917589307], -129.526011
78, 18:15:10:39, [5.159649074077606,-4.711627977201715,-1.5068591367453337,3.7681966917589307], -339.792931
79, 18:15:10:39, [5.159649074077606,6.826478689908981,-4.4433310851454735,3.7681966917589307], -471.905817
80, 18:15:10:39, [5.159649074077606,6.826478689908981,-4.4433310851454735,-6.764580205082893], -335.561202
81, 18:15:10:40, [5.159649074077606,6.826478689908981,-4.4433310851454735,3.7681966917589307], -471.905817
