start_time : 2024_11_18_14:33:04
name : labopt_logs\lab_opt_2024_11\optimization__2024-11-18-14-33__differential_evolution__.txt
method : differential_evolution
args : (6, 8, -5, 2)
paras_init : array([3, 0, 4, 2])
bounds : ((-10, 10), (-10, 10), (-10, 10), (-10, 10))
max_run : 10
form : rounds, time, parameters, cost 


0, 18:14:33:04, [3.0000000000000004,0.0,3.999999999999999,1.9999999999999996], -319.569569
1, 18:14:33:04, [0.48453286996683165,4.8197816376407765,5.654939417136351,2.9514139406280715], -332.025001
2, 18:14:33:04, [8.719242677314824,-6.828681294665994,2.627562484933368,-3.6220169996314744], -151.035569
3, 18:14:33:04, [3.8069990272754373,4.5779872857347215,-4.935489910575269,8.418224696264382], -415.169749
4, 18:14:33:04, [-0.8642955787935691,2.8712383258655594,8.758730353655908,-1.289054441444848], -204.537221
5, 18:14:33:04, [-6.959658939283953,-8.51765335729105,-9.445035422115831,6.867875146937699], 1.821548
6, 18:14:33:04, [-5.620965199974791,1.4355758049075007,3.8669992599409975,0.504199943656769], -222.420040
7, 18:14:33:05, [4.733036582541306,-7.204392597956608,6.264828805535545,-6.81715051449443], -62.387485
8, 18:14:33:05, [6.521722052953858,7.6985652548219115,4.271664994647004,-9.10869398713553], -268.924297
9, 18:14:33:05, [-9.264202769155697,-5.597119476572963,-8.522555687709687,0.7566982176769388], -46.525098
10, 18:14:33:05, [-3.912963118499807,-4.2792541096315,-8.25399902414072,-7.248217588307101], -130.194736
11, 18:14:33:05, [0.7749682153189319,-8.020968402196,-3.869146911401369,3.4879724711616733], -186.420754
12, 18:14:33:05, [1.8899975246917888,-7.511132435687038,0.7315982972260415,-8.727716736426274], -74.478623
13, 18:14:33:05, [-1.9344962406018107,-0.10518612319504461,-9.003595914369818,-7.436076335273731], -253.797463
14, 18:14:33:05, [-4.699748351101657,2.228494041434863,-4.321284555468347,-9.48112965071848], -181.369897
15, 18:14:33:05, [-9.363463199033298,-9.762826149535188,-0.8846516339215993,-1.3451723757622702], 101.124481
16, 18:14:33:05, [-2.6507730895475676,-4.7661486193937375,3.573653656193403,-4.422300744628461], -113.702998
17, 18:14:33:05, [2.029778502691717,-1.8670270626594931,-5.714681432204689,-3.2114156839898], -332.939389
18, 18:14:33:05, [9.96590373442193,8.499776785247029,0.5490279369607887,-6.363965903645461], -363.240499
19, 18:14:33:05, [1.4077856185159354,-6.513580041363447,0.25189850013545456,-0.13783545246217832], -229.904966
20, 18:14:33:05, [3.0344399579806236,0.8999173845781705,1.464181127426467,9.862736847988998], -306.796523
21, 18:14:33:05, [7.507874039038985,3.5466146725077374,6.379716509478655,-8.310748458937296], -222.684198
22, 18:14:33:05, [-9.877060241747111,-2.848145148770077,-3.6562160636794836,3.004813990768236], -85.595129
23, 18:14:33:05, [-2.0632857419491533,1.7498391776631506,-2.3970359373359518,-8.652165415303125], -248.274939
24, 18:14:33:05, [-5.216739069220351,9.605688446252724,-6.244771791722799,4.911309013381587], -345.961161
25, 18:14:33:05, [7.097315398410742,-3.5636719122795437,7.746333353585579,0.02168754882493351], -177.122588
26, 18:14:33:05, [4.505451515576802,9.796182370876515,8.304277480059348,-2.2278532730319256], -271.720613
27, 18:14:33:05, [-2.9358525717740633,7.3578991755019585,4.541019224765517,-3.936093125880661], -265.067059
28, 18:14:33:05, [3.5684488613195997,0.24268000515292432,9.592788119817781,-4.013270034818285], -155.311752
29, 18:14:33:05, [-5.821611386714337,-2.1444531799398825,-0.15437881851317337,-5.637130026634258], -166.647574
30, 18:14:33:05, [-7.81218354866202,3.738849072943342,2.8431859769020984,-0.6549913138430552], -202.927051
31, 18:14:33:05, [6.705319868695538,6.706543437649475,-1.6740376935344825,-2.7313435210129233], -450.270711
32, 18:14:33:05, [5.372240458312967,9.255219181143366,-8.755105779508671,1.7448669559976548], -457.601501
33, 18:14:33:05, [-8.382037375598184,2.610111353028235,6.954721640175658,6.168234984371226], -85.543620
34, 18:14:33:05, [8.147299418497374,-6.304049533620129,-3.264199266631392,8.950923057351703], -208.908554
35, 18:14:33:05, [-4.296045142417254,-3.212091933687571,-9.825249460026832,5.840672421458775], -200.037729
36, 18:14:33:06, [7.681611477077739,5.130978890023639,7.624715250555941,8.087407631652557], -269.697100
37, 18:14:33:06, [5.726039808164407,-5.866655547463422,-2.920702989801253,-6.26454278346092], -225.367510
38, 18:14:33:06, [-3.2583517589691158,6.275266210143244,9.856795371276093,4.376509682905314], -162.073112
39, 18:14:33:06, [-3.583041411202248,8.118221681292784,-1.3815205745191916,-7.795790915262493], -275.956797
40, 18:14:33:06, [-0.11963588922901058,-1.051756690555854,5.788932016428294,3.965266635977791], -255.592847
41, 18:14:33:06, [-6.153210445996029,0.4397617736844772,3.30701977180899,9.598231068182066], -147.378251
42, 18:14:33:06, [0.13432913506450816,-9.553951674607688,-6.381896360358057,7.155871294802132], -114.898653
43, 18:14:33:06, [9.575709934222843,-0.8868071262984034,-5.181299022924928,7.82148358135077], -352.199469
44, 18:14:33:06, [-6.3589703651910945,-1.5422238106196073,8.357392589620865,2.3380293844369615], -55.370147
45, 18:14:33:06, [-1.0850205833729198,1.052964035873245,7.254625035557218,-1.7358590637851967], -225.090279
46, 18:14:33:06, [1.3200063675205698,-2.550103453199707,-7.5445343320891265,-5.225899828517782], -288.279318
47, 18:14:33:06, [-8.845352040411106,3.0075584128371036,-2.118502427311494,1.0069645950435846], -217.065258
48, 18:14:33:06, [-7.436660151619998,-7.918129259817784,9.115691441549842,-9.816137208422376], 297.353482
49, 18:14:33:06, [-8.107816210638953,5.676102133590019,1.940257119287938,4.049120251530978], -225.085605
50, 18:14:33:06, [-1.6321521362011282,-9.148686098868218,-7.852893864038133,-4.920131598392805], -71.077549
51, 18:14:33:06, [-0.6102221812307973,6.431645505023482,1.1002752768800583,-2.44547109991913], -385.247926
52, 18:14:33:06, [2.427876536154636,-3.9416017534051937,-0.6631744095067904,9.207071886780554], -242.436274
53, 18:14:33:06, [8.563090604522476,7.202834502286453,-7.001867468204339,-0.9251878862432572], -466.847314
54, 18:14:33:06, [4.0722265630169545,-5.01651426517006,4.736658793814379,7.412339034741191], -183.405419
55, 18:14:33:06, [2.888975427007856,-4.649960745776598,2.261533051122917,1.4843318033476716], -240.268551
56, 18:14:33:06, [9.076609395843482,5.357049401515339,-4.507259234820225,5.1941012325400155], -453.740301
57, 18:14:33:06, [-4.348064284005867,-8.919320860124273,-1.0337932324783417,-5.847616535343447], -10.285858
58, 18:14:33:06, [5.0830631258460475,8.704444957590955,-5.4985502482883035,5.462379401114347], -472.552970
59, 18:14:33:06, [-7.182380940962883,-0.5452424477715723,-6.666762527438081,2.0480844365925543], -242.943694
60, 18:14:33:06, [1.758924731702789,8.704444957590955,1.2694218651521472,4.510709517857747], -406.802512
61, 18:14:33:06, [0.48453286996683165,3.0083627901147247,2.9247114707358857,1.5282031472454616], -350.925418
62, 18:14:33:06, [1.8139727042590081,-8.294124909287724,-0.03463046904363054,3.2266549586147586], -167.477181
63, 18:14:33:06, [5.504330464394746,4.306618762217768,-9.559326796994524,3.3044954732831577], -439.637770
64, 18:14:33:07, [2.515725841676657,-8.129254296434404,3.6353744217270467,-3.8129067321036167], -85.542849
65, 18:14:33:07, [-2.889264542672929,-8.51765335729105,-9.445035422115831,-5.12230380753842], -46.437968
66, 18:14:33:07, [6.763552192528759,3.3030069430276443,-9.727577275214589,-5.151705552466708], -376.198757
67, 18:14:33:07, [-0.101379130987167,9.102841643763362,7.446680282814027,-3.3374795057550832], -251.477277
68, 18:14:33:07, [6.521722052953858,0.5406064731336402,-9.58317762783813,2.6650903210776478], -398.441851
69, 18:14:33:07, [1.305082699353648,-8.540443462875453,-0.3743663568432609,-1.3719471258985272], -158.926617
70, 18:14:33:07, [-3.912963118499807,0.5127134430508118,-9.097859055110032,8.997781008020986], -247.244755
71, 18:14:33:07, [0.8052512340597451,-8.020968402196,6.325622965847746,5.28040373517152], -71.260638
72, 18:14:33:07, [6.443298686126262,-8.104596961597174,-4.484819243031328,-5.182609282743275], -170.632390
73, 18:14:33:07, [3.1281552537535573,1.7176018743202515,3.046988354641742,3.3782448846169544], -346.736572
74, 18:14:33:07, [-4.699748351101657,-8.172119989216727,3.80333387030074,1.0941241164136772], -21.269534
75, 18:14:33:07, [4.411953907945709,-0.10156381443565454,-7.938753576005945,-1.3451723757622702], -405.172203
76, 18:14:33:07, [6.473667368129115,5.733533466472056,-9.301881401993521,6.332981222675437], -448.227256
77, 18:14:33:07, [2.029778502691717,-1.8670270626594931,3.9418603956981024,8.825696933285858], -229.057810
78, 18:14:33:07, [9.96590373442193,8.499776785247029,0.27514697093701024,-4.660203981901885], -384.459306
79, 18:14:33:07, [6.80974754636803,-5.138081805737458,0.25189850013545456,2.401989004545708], -280.184316
80, 18:14:33:07, [3.219280775901485,1.790831362850851,1.464181127426467,2.5941593179485745], -374.268830
81, 18:14:33:07, [7.507874039038985,2.2835883803098223,-1.577914406882155,7.31136467239915], -401.666771
82, 18:14:33:07, [1.2119433262104296,8.545958518363522,-1.7772279774917066,-5.917222558524227], -382.902093
83, 18:14:33:07, [-0.26659562005903914,1.7997225513202841,2.2930170940449957,-8.652165415303125], -230.059000
84, 18:14:33:07, [-5.216739069220351,2.1794058621928825,-6.111227291362843,-8.53548141971558], -206.331368
85, 18:14:33:07, [-3.029619211552018,6.466266475095395,7.746333353585579,-5.149607843603333], -179.579832
86, 18:14:33:07, [2.437316609487885,9.796182370876515,6.315711696900371,-2.2278532730319256], -312.656013
87, 18:14:33:07, [-2.9358525717740633,-0.6789976525944752,4.541019224765517,8.451820085097674], -190.109515
88, 18:14:33:07, [3.5684488613195997,3.124201267121307,-4.885873205213764,-4.013270034818285], -397.690166
89, 18:14:33:07, [-5.821611386714337,-4.586823503035218,3.5330343348484483,7.933195787147353], -66.649421
90, 18:14:33:07, [-2.0531683015908975,-7.929963166922662,8.972732162386567,-1.6070831656509266], 47.577767
91, 18:14:33:07, [1.4574986389359745,2.6463820181429965,2.0812550068952773,-8.67909505281257], -251.233156
92, 18:14:33:08, [4.271747685331901,7.143205706558247,-8.755105779508671,1.1045064586072284], -460.441034
93, 18:14:33:08, [-8.382037375598184,-2.4192524277386784,0.9133985613103479,4.797655048563662], -123.856358
94, 18:14:33:08, [-0.2322892313093805,-9.009601012735642,0.0585113820387817,1.0912034384724123], -132.511885
95, 18:14:33:08, [7.003822757867035,-7.8290406753952695,2.1975419841481214,1.965853324238478], -171.578307
96, 18:14:33:08, [2.767053330903866,2.4613373169026853,7.624715250555941,-2.1367989700509185], -248.502106
97, 18:14:33:08, [5.407023118738032,-5.866655547463422,3.558539554081559,2.3741067917592096], -213.772149
98, 18:14:33:08, [8.285357537210537,4.823718566197979,-5.194246090669827,9.676602631422394], -399.850234
99, 18:14:33:08, [9.235406867752271,0.990407374020128,-1.3815205745191916,6.068366796394182], -395.098740
100, 18:14:33:08, [8.718525832336702,6.03782582776025,-7.781448038433943,2.3670754211139777], -458.295087
101, 18:14:33:08, [6.824955345564163,9.471920460849276,9.328690588307925,8.357678955737203], -218.728425
102, 18:14:33:08, [0.13432913506450816,-9.553951674607688,-0.9649512548020645,-7.148914629271788], -47.692250
103, 18:14:33:08, [2.5346602267807805,5.890962967118951,-9.85978539750063,5.28040373517152], -428.436323
104, 18:14:33:08, [-4.157904587046608,2.477295607729846,0.33780602320844233,7.9077655238084255], -272.613894
105, 18:14:33:08, [2.968057241671096,-6.2849685033596,1.2830458619402485,-5.027584248756741], -175.083470
106, 18:14:33:08, [2.5206974964418283,2.9175419918927203,-7.5445343320891265,2.5452008588276054], -421.923593
107, 18:14:33:08, [3.1125137908794653,3.0075584128371036,-2.899049124752453,1.0069645950435846], -426.336751
108, 18:14:33:08, [0.7674205521948507,6.8535320093214285,9.115691441549842,0.8278934184911213], -250.881147
109, 18:14:33:08, [2.8119719711900704,8.89624400577371,0.20369573178228073,4.686800987030573], -430.138560
110, 18:14:33:08, [-5.1251548579493384,-9.148686098868218,-7.852893864038133,-8.579785163254716], 61.174010
111, 18:14:33:08, [7.578026907253681,6.431645505023482,1.1002752768800583,6.09731425497616], -430.013931
112, 18:14:33:08, [3.0070442385444474,6.385000121691144,-7.459878150549992,2.1612001398235603], -461.054175
113, 18:14:33:08, [8.563090604522476,7.202834502286453,7.4230288312530535,3.2558404958747023], -306.834118
114, 18:14:33:08, [8.426069914348082,-3.031292974081876,-5.458242287323767,3.5517814137429116], -337.383945
115, 18:14:33:08, [-0.9440527377655961,-4.649960745776598,5.619891823858685,1.4843318033476716], -164.435410
116, 18:14:33:08, [9.408681569066257,5.357049401515339,-7.417832332468204,-9.475203671420232], -323.465083
117, 18:14:33:08, [-4.348064284005867,6.293293851758104,-1.0337932324783417,1.8888581298353713], -355.710936
118, 18:14:33:08, [2.0887621301873405,9.868567190432493,-1.5001555108512377,5.283421443984553], -438.074763
119, 18:14:33:08, [0.9307193839398242,8.294669256721424,3.077438141347597,4.856392005834513], -374.954913
120, 18:14:33:09, [5.0830631258460475,8.704444957590955,-5.4985502482883035,5.462379401114347], -472.552970
121, 18:14:33:09, [5.083063135846047,8.704444957590955,-5.4985502482883035,5.462379401114347], -472.552970
122, 18:14:33:09, [5.0830631258460475,8.704444967590955,-5.4985502482883035,5.462379401114347], -472.552970
123, 18:14:33:09, [5.0830631258460475,8.704444957590955,-5.498550238288304,5.462379401114347], -472.552970
124, 18:14:33:09, [5.0830631258460475,8.704444957590955,-5.4985502482883035,5.462379411114347], -472.552970
125, 18:14:33:09, [10.0,5.990808577805893,-10.0,0.42394356858607374], -433.129260
126, 18:14:33:09, [9.99999999,5.990808577805893,-10.0,0.42394356858607374], -433.129260
127, 18:14:33:09, [10.0,5.990808587805893,-10.0,0.42394356858607374], -433.129260
128, 18:14:33:09, [10.0,5.990808577805893,-9.99999999,0.42394356858607374], -433.129261
129, 18:14:33:09, [10.0,5.990808577805893,-10.0,0.42394357858607373], -433.129260
130, 18:14:33:09, [6.127633621998381,8.127950979295402,-6.454853272080808,4.391997260338673], -480.340629
131, 18:14:33:09, [6.127633631998381,8.127950979295402,-6.454853272080808,4.391997260338673], -480.340629
132, 18:14:33:09, [6.127633621998381,8.127950989295403,-6.454853272080808,4.391997260338673], -480.340629
133, 18:14:33:09, [6.127633621998381,8.127950979295402,-6.454853262080808,4.391997260338673], -480.340629
134, 18:14:33:09, [6.127633621998381,8.127950979295402,-6.454853272080808,4.391997270338673], -480.340629
135, 18:14:33:09, [6.007038855775861,7.465104069911265,-6.4816852454671485,4.371792984014109], -483.769433
136, 18:14:33:09, [6.007038865775861,7.465104069911265,-6.4816852454671485,4.371792984014109], -483.769433
137, 18:14:33:09, [6.007038855775861,7.465104079911265,-6.4816852454671485,4.371792984014109], -483.769433
138, 18:14:33:09, [6.007038855775861,7.465104069911265,-6.481685235467149,4.371792984014109], -483.769433
139, 18:14:33:09, [6.007038855775861,7.465104069911265,-6.4816852454671485,4.371792994014109], -483.769433
140, 18:14:33:09, [5.524659790885782,4.813716432374718,-6.589013139012512,4.290975878715854], -477.435632
141, 18:14:33:09, [5.524659800885782,4.813716432374718,-6.589013139012512,4.290975878715854], -477.435632
142, 18:14:33:09, [5.524659790885782,4.813716442374718,-6.589013139012512,4.290975878715854], -477.435632
143, 18:14:33:09, [5.524659790885782,4.813716432374718,-6.589013129012512,4.290975878715854], -477.435632
144, 18:14:33:09, [5.524659790885782,4.813716432374718,-6.589013139012512,4.290975888715854], -477.435632
145, 18:14:33:09, [5.832343345075975,6.504893415851559,-6.520554472056663,4.342524745587173], -487.027212
146, 18:14:33:09, [5.832343355075975,6.504893415851559,-6.520554472056663,4.342524745587173], -487.027212
147, 18:14:33:10, [5.832343345075975,6.5048934258515585,-6.520554472056663,4.342524745587173], -487.027212
148, 18:14:33:10, [5.832343345075975,6.504893415851559,-6.520554462056663,4.342524745587173], -487.027212
149, 18:14:33:10, [5.832343345075975,6.504893415851559,-6.520554472056663,4.342524755587173], -487.027212
150, 18:14:33:10, [6.047093092078722,5.883350403981572,-6.063972223684402,4.707204342766452], -486.203512
151, 18:14:33:10, [6.047093102078722,5.883350403981572,-6.063972223684402,4.707204342766452], -486.203512
152, 18:14:33:10, [6.047093092078722,5.883350413981572,-6.063972223684402,4.707204342766452], -486.203512
153, 18:14:33:10, [6.047093092078722,5.883350403981572,-6.063972213684402,4.707204342766452], -486.203512
154, 18:14:33:10, [6.047093092078722,5.883350403981572,-6.063972223684402,4.7072043527664515], -486.203512
155, 18:14:33:10, [5.906077316958498,6.2914876465753125,-6.363787709192402,4.467736884552827], -487.335420
156, 18:14:33:10, [5.906077326958498,6.2914876465753125,-6.363787709192402,4.467736884552827], -487.335420
157, 18:14:33:10, [5.906077316958498,6.291487656575312,-6.363787709192402,4.467736884552827], -487.335420
158, 18:14:33:10, [5.906077316958498,6.2914876465753125,-6.363787699192402,4.467736884552827], -487.335420
159, 18:14:33:10, [5.906077316958498,6.2914876465753125,-6.363787709192402,4.467736894552827], -487.335420
160, 18:14:33:10, [5.846762955632193,6.434053063017796,-6.2265505427469705,4.689340052995548], -487.416787
161, 18:14:33:10, [5.846762965632193,6.434053063017796,-6.2265505427469705,4.689340052995548], -487.416787
162, 18:14:33:10, [5.846762955632193,6.434053073017796,-6.2265505427469705,4.689340052995548], -487.416787
163, 18:14:33:10, [5.846762955632193,6.434053063017796,-6.226550532746971,4.689340052995548], -487.416787
164, 18:14:33:10, [5.846762955632193,6.434053063017796,-6.2265505427469705,4.689340062995548], -487.416787
165, 18:14:33:10, [5.818213654228842,6.346948339671471,-6.3249023856009225,4.682542437061326], -487.471596
166, 18:14:33:10, [5.818213664228842,6.346948339671471,-6.3249023856009225,4.682542437061326], -487.471596
167, 18:14:33:10, [5.818213654228842,6.346948349671471,-6.3249023856009225,4.682542437061326], -487.471596
168, 18:14:33:10, [5.818213654228842,6.346948339671471,-6.324902375600923,4.682542437061326], -487.471596
169, 18:14:33:10, [5.818213654228842,6.346948339671471,-6.3249023856009225,4.6825424470613255], -487.471596
170, 18:14:33:10, [5.840266868438111,6.359648318329292,-6.327988413006145,4.676199970992008], -487.473409
171, 18:14:33:10, [5.840266878438111,6.359648318329292,-6.327988413006145,4.676199970992008], -487.473409
172, 18:14:33:10, [5.840266868438111,6.359648328329292,-6.327988413006145,4.676199970992008], -487.473409
173, 18:14:33:10, [5.840266868438111,6.359648318329292,-6.327988403006145,4.676199970992008], -487.473409
174, 18:14:33:10, [5.840266868438111,6.359648318329292,-6.327988413006145,4.676199980992008], -487.473409
175, 18:14:33:11, [5.836328623250759,6.35959302900676,-6.3267489131380295,4.679616001714256], -487.473504
176, 18:14:33:11, [5.836328633250759,6.35959302900676,-6.3267489131380295,4.679616001714256], -487.473504
177, 18:14:33:11, [5.836328623250759,6.35959303900676,-6.3267489131380295,4.679616001714256], -487.473504
178, 18:14:33:11, [5.836328623250759,6.35959302900676,-6.3267489031380295,4.679616001714256], -487.473504
179, 18:14:33:11, [5.836328623250759,6.35959302900676,-6.3267489131380295,4.679616011714256], -487.473504
180, 18:14:33:11, [5.836317112120834,6.359560483378484,-6.326967109883657,4.679672848649435], -487.473504
181, 18:14:33:11, [5.836317122120834,6.359560483378484,-6.326967109883657,4.679672848649435], -487.473504
182, 18:14:33:11, [5.836317112120834,6.359560493378484,-6.326967109883657,4.679672848649435], -487.473504
183, 18:14:33:11, [5.836317112120834,6.359560483378484,-6.326967099883657,4.679672848649435], -487.473504
184, 18:14:33:11, [5.836317112120834,6.359560483378484,-6.326967109883657,4.679672858649435], -487.473504
185, 18:14:33:11, [5.836317112120834,6.359560483378484,-6.326967109883657,4.679672848649435], -487.473504
