start_time : 2024_11_18_13:33:31
name : labopt_logs\lab_opt_2024_11\optimization__2024-11-18-13-33__dual_annealing__.txt
method : dual_annealing
args : (6, 8, 1, 2)
paras_init : array([3, 0, 4, 2])
bounds : ((-10, 10), (-10, 10), (-10, 10), (-10, 10))
max_run : 10
form : rounds, time, parameters, cost 


0, 18:13:33:31, [3,0,4,2], 184.184823
1, 18:13:33:31, [-3.3310550078749657,8.150536879897118,-3.0164307951927185,-5.0164307951927185], 265.892868
2, 18:13:33:31, [4.848613314330578,4.794151745736599,-6.372815929353237,3.163237527012825], 153.562513
3, 18:13:33:31, [8.082228243350983,8.027766674757004,-0.882176123559475,6.39685246348381], 122.877994
4, 18:13:33:31, [-7.332920044660568,-7.5560896173119545,3.228049576282501,-9.187003828585148], 642.433771
5, 18:13:33:31, [5.0362185928970575,-7.5560896173119545,3.228049576282501,-9.187003828585148], 466.099818
6, 18:13:33:31, [5.0362185928970575,1.326638599857688,3.228049576282501,-9.187003828585148], 276.917550
7, 18:13:33:31, [5.0362185928970575,1.326638599857688,-4.335027307271957,-9.187003828585148], 301.714643
8, 18:13:33:31, [5.0362185928970575,1.326638599857688,-4.335027307271957,5.309497155249119], 177.871402
9, 18:13:33:31, [8.082228243350983,8.027766674757004,-0.882176123559475,6.39685246348381], 122.877994
10, 18:13:33:31, [8.082228253350983,8.027766674757004,-0.882176123559475,6.39685246348381], 122.877994
11, 18:13:33:31, [8.082228243350983,8.027766684757005,-0.882176123559475,6.39685246348381], 122.877994
12, 18:13:33:31, [8.082228243350983,8.027766674757004,-0.8821761135594749,6.39685246348381], 122.877993
13, 18:13:33:31, [8.082228243350983,8.027766674757004,-0.882176123559475,6.39685247348381], 122.877994
14, 18:13:33:31, [0.3023287851397738,4.083369481400577,3.845860481559277,-7.07130469684634], 224.955028
15, 18:13:33:31, [0.3023287951397738,4.083369481400577,3.845860481559277,-7.07130469684634], 224.955028
16, 18:13:33:31, [0.3023287851397738,4.083369491400577,3.845860481559277,-7.07130469684634], 224.955028
17, 18:13:33:31, [0.3023287851397738,4.083369481400577,3.845860491559277,-7.07130469684634], 224.955028
18, 18:13:33:31, [0.3023287851397738,4.083369481400577,3.845860481559277,-7.07130468684634], 224.955027
19, 18:13:33:31, [5.686511493151464,6.813141925899816,0.5737599783504879,2.24951227269666], 94.122768
20, 18:13:33:32, [5.686511503151464,6.813141925899816,0.5737599783504879,2.24951227269666], 94.122768
21, 18:13:33:32, [5.686511493151464,6.813141935899816,0.5737599783504879,2.24951227269666], 94.122768
22, 18:13:33:32, [5.686511493151464,6.813141925899816,0.5737599883504879,2.24951227269666], 94.122768
23, 18:13:33:32, [5.686511493151464,6.813141925899816,0.5737599783504879,2.24951228269666], 94.122768
24, 18:13:33:32, [5.27117339646924,5.595040758568004,-0.7049353762336015,1.1872448935054893], 89.449439
25, 18:13:33:32, [5.27117340646924,5.595040758568004,-0.7049353762336015,1.1872448935054893], 89.449439
26, 18:13:33:32, [5.27117339646924,5.595040768568004,-0.7049353762336015,1.1872448935054893], 89.449439
27, 18:13:33:32, [5.27117339646924,5.595040758568004,-0.7049353662336014,1.1872448935054893], 89.449439
28, 18:13:33:32, [5.27117339646924,5.595040758568004,-0.7049353762336015,1.1872449035054893], 89.449439
29, 18:13:33:32, [5.457469302488223,5.890319883386802,-0.45100289088405865,0.7014766900752584], 85.462919
30, 18:13:33:32, [5.4574693124882225,5.890319883386802,-0.45100289088405865,0.7014766900752584], 85.462919
31, 18:13:33:32, [5.457469302488223,5.890319893386802,-0.45100289088405865,0.7014766900752584], 85.462919
32, 18:13:33:32, [5.457469302488223,5.890319883386802,-0.45100288088405865,0.7014766900752584], 85.462919
33, 18:13:33:32, [5.457469302488223,5.890319883386802,-0.45100289088405865,0.7014767000752584], 85.462920
34, 18:13:33:32, [5.640291564717328,6.058165568209044,-0.30246322004242665,-2.329338419065203], 103.082425
35, 18:13:33:32, [5.640291574717328,6.058165568209044,-0.30246322004242665,-2.329338419065203], 103.082425
36, 18:13:33:32, [5.640291564717328,6.058165578209044,-0.30246322004242665,-2.329338419065203], 103.082425
37, 18:13:33:32, [5.640291564717328,6.058165568209044,-0.30246321004242666,-2.329338419065203], 103.082425
38, 18:13:33:32, [5.640291564717328,6.058165568209044,-0.30246322004242665,-2.329338409065203], 103.082425
39, 18:13:33:32, [5.492437303846775,5.922423348595739,-0.42259204338409706,0.12177952649277934], 83.899155
40, 18:13:33:32, [5.492437313846775,5.922423348595739,-0.42259204338409706,0.12177952649277934], 83.899155
41, 18:13:33:32, [5.492437303846775,5.922423358595739,-0.42259204338409706,0.12177952649277934], 83.899155
42, 18:13:33:32, [5.492437303846775,5.922423348595739,-0.42259203338409707,0.12177952649277934], 83.899155
43, 18:13:33:32, [5.492437303846775,5.922423348595739,-0.42259204338409706,0.12177953649277934], 83.899155
44, 18:13:33:32, [5.708151347585289,6.213265462392844,-0.33034025108173304,-0.07864570910770238], 83.437966
45, 18:13:33:32, [5.708151357585289,6.213265462392844,-0.33034025108173304,-0.07864570910770238], 83.437966
46, 18:13:33:32, [5.708151347585289,6.213265472392844,-0.33034025108173304,-0.07864570910770238], 83.437966
47, 18:13:33:32, [5.708151347585289,6.213265462392844,-0.33034024108173304,-0.07864570910770238], 83.437966
48, 18:13:33:33, [5.708151347585289,6.213265462392844,-0.33034025108173304,-0.07864569910770239], 83.437966
49, 18:13:33:33, [5.657393392858961,6.182683834769153,-0.2895229903881276,-0.017469757977000094], 83.412432
50, 18:13:33:33, [5.657393402858961,6.182683834769153,-0.2895229903881276,-0.017469757977000094], 83.412432
51, 18:13:33:33, [5.657393392858961,6.182683844769153,-0.2895229903881276,-0.017469757977000094], 83.412432
52, 18:13:33:33, [5.657393392858961,6.182683834769153,-0.2895229803881276,-0.017469757977000094], 83.412432
53, 18:13:33:33, [5.657393392858961,6.182683834769153,-0.2895229903881276,-0.017469747977000093], 83.412432
54, 18:13:33:33, [5.662969441558368,6.175449667487944,-0.30075325125766866,-0.025194166577435156], 83.411518
55, 18:13:33:33, [5.662969451558368,6.175449667487944,-0.30075325125766866,-0.025194166577435156], 83.411518
56, 18:13:33:33, [5.662969441558368,6.175449677487944,-0.30075325125766866,-0.025194166577435156], 83.411518
57, 18:13:33:33, [5.662969441558368,6.175449667487944,-0.30075324125766867,-0.025194166577435156], 83.411518
58, 18:13:33:33, [5.662969441558368,6.175449667487944,-0.30075325125766866,-0.025194156577435154], 83.411518
59, 18:13:33:33, [5.663035008846107,6.176319708433875,-0.30010824425846694,-0.02539220480923789], 83.411514
60, 18:13:33:33, [5.663035018846107,6.176319708433875,-0.30010824425846694,-0.02539220480923789], 83.411514
61, 18:13:33:33, [5.663035008846107,6.1763197184338745,-0.30010824425846694,-0.02539220480923789], 83.411514
62, 18:13:33:33, [5.663035008846107,6.176319708433875,-0.30010823425846694,-0.02539220480923789], 83.411514
63, 18:13:33:33, [5.663035008846107,6.176319708433875,-0.30010824425846694,-0.02539219480923789], 83.411514
64, 18:13:33:33, [5.663065750804947,6.176313754300099,-0.30014169727291795,-0.025297891993836374], 83.411514
65, 18:13:33:33, [5.663065760804947,6.176313754300099,-0.30014169727291795,-0.025297891993836374], 83.411514
66, 18:13:33:33, [5.663065750804947,6.176313764300099,-0.30014169727291795,-0.025297891993836374], 83.411514
67, 18:13:33:33, [5.663065750804947,6.176313754300099,-0.30014168727291796,-0.025297891993836374], 83.411514
68, 18:13:33:33, [5.663065750804947,6.176313754300099,-0.30014169727291795,-0.025297881993836372], 83.411514
69, 18:13:33:33, [3.4566465467214584,3.969894550740719,-2.506560906767845,9.698104858398438], 198.191927
70, 18:13:33:33, [-2.805314674973488,-8.02778684347868,-8.768522128462791,-2.299576535820961], 545.247332
71, 18:13:33:33, [-1.6451424062252045,0.9312801957130432,-7.608349859714508,4.596315905451775], 273.217389
72, 18:13:33:33, [0.6317832618951797,3.2082058638334274,-5.331424191594124,6.873241573572159], 213.805136
73, 18:13:33:33, [-6.626855760812759,3.2082058638334274,-5.331424191594124,6.873241573572159], 339.926862
74, 18:13:33:33, [-6.626855760812759,1.9327949965372682,-5.331424191594124,6.873241573572159], 354.941815
75, 18:13:33:33, [-6.626855760812759,1.9327949965372682,-1.2844911674037576,6.873241573572159], 314.070484
76, 18:13:33:34, [-6.626855760812759,1.9327949965372682,-1.2844911674037576,-4.217342227697372], 336.439298
77, 18:13:33:34, [-4.699258279055357,-2.3676274390891194,-5.804899945505895,7.627713829278946], 401.381779
78, 18:13:33:34, [-8.79672446846962,2.3952707052230835,-9.902366138994694,-0.03841447830200195], 478.214018
79, 18:13:33:34, [-4.493875185959041,-7.849643184337765,-5.599516852758825,2.1456980840303004], 506.853398
80, 18:13:33:34, [5.339719405397773,7.67135024536401,-4.005382627248764,-2.3333084862679243], 143.931107
81, 18:13:33:34, [3.9452836364507675,7.67135024536401,-4.005382627248764,-2.3333084862679243], 154.086879
82, 18:13:33:34, [3.9452836364507675,7.504863526672125,-4.005382627248764,-2.3333084862679243], 153.290809
83, 18:13:33:34, [3.9452836364507675,7.504863526672125,9.03144371882081,-2.3333084862679243], 192.451410
84, 18:13:33:34, [3.9452836364507675,7.504863526672125,9.03144371882081,-8.287111967802048], 277.460308
85, 18:13:33:34, [8.866047367453575,-6.186941981315613,1.1346873342990875,9.769935131072998], 372.591469
86, 18:13:33:34, [-6.273285925388336,5.99937242269516,-1.1871258467435837,7.448121950030327], 271.166054
87, 18:13:33:34, [8.423675362020731,5.25538831949234,6.781968519091606,0.5472085103392601], 141.053789
88, 18:13:33:34, [-5.354148451238871,-8.522435493767262,9.232619630172849,5.94055762887001], 580.959727
89, 18:13:33:34, [3.439006343483925,5.25538831949234,6.781968519091606,0.5472085103392601], 138.954760
90, 18:13:33:34, [3.439006343483925,5.758122849278152,6.781968519091606,0.5472085103392601], 136.296414
91, 18:13:33:34, [3.439006343483925,5.758122849278152,9.050208114087582,0.5472085103392601], 175.668200
92, 18:13:33:34, [3.439006343483925,5.758122849278152,6.781968519091606,7.012082606554031], 160.420424
93, 18:13:33:34, [9.71478707715869,-2.8425673842430115,9.158837147057056,-1.5886076241731644], 314.867849
94, 18:13:33:34, [2.0578526854515076,-4.506318286061287,-3.482472613453865,4.863043622754049], 308.133891
95, 18:13:33:34, [2.792863715440035,-6.708594517083839,6.135825891047716,1.8728144317865372], 348.992563
96, 18:13:33:34, [2.6022392883896828,-9.778396755456924,6.075753182172775,6.3058672696352005], 469.889222
97, 18:13:33:34, [1.4010059535503387,5.758122849278152,6.781968519091606,7.012082606554031], 175.079263
98, 18:13:33:34, [3.439006343483925,7.766254682093859,6.781968519091606,7.012082606554031], 165.333946
99, 18:13:33:34, [3.439006343483925,7.766254682093859,5.411335475742817,7.012082606554031], 147.273848
100, 18:13:33:34, [3.439006343483925,7.766254682093859,5.411335475742817,2.0738712958991528], 128.782161
101, 18:13:33:34, [2.71404879540205,3.686901494860649,3.2088234946131706,-2.0054818838834763], 156.728181
102, 18:13:33:34, [0.6647612378001213,5.01517748972401,4.196107745170593,1.1003231853246689], 138.190146
103, 18:13:33:34, [7.663400774821639,-9.42873715609312,-7.715732138603926,-9.264266677200794], 612.458868
104, 18:13:33:34, [-3.5565986409783363,-4.847413088660687,-9.279015570878983,7.625199869275093], 506.178246
105, 18:13:33:34, [-7.269816357642412,5.01517748972401,4.196107745170593,1.1003231853246689], 280.864374
106, 18:13:33:35, [0.6647612378001213,-1.466309368610382,4.196107745170593,1.1003231853246689], 219.632500
107, 18:13:33:35, [0.6647612378001213,5.01517748972401,8.100688494741917,1.1003231853246689], 184.898457
108, 18:13:33:35, [0.6647612378001213,5.01517748972401,4.196107745170593,2.404544323682785], 142.217409
109, 18:13:33:35, [2.882041621953249,-2.852593317627907,-0.513321191072464,-2.304884612560272], 247.128393
110, 18:13:33:35, [4.6928015779703856,9.043217830359936,-9.782864674925804,-1.2726637087762356], 228.080350
111, 18:13:33:35, [-5.285803735256195,-1.3125266209244728,-2.65348294749856,-5.434824361873325], 376.665729
112, 18:13:33:35, [-8.725999467074871,-7.20274044573307,3.9684869796037674,6.509561511920765], 564.348696
113, 18:13:33:35, [-1.6438194029033184,5.01517748972401,4.196107745170593,2.404544323682785], 169.473905
114, 18:13:33:35, [0.6647612378001213,3.681561514735222,4.196107745170593,2.404544323682785], 159.204052
115, 18:13:33:35, [0.6647612378001213,5.01517748972401,9.847181653021835,2.404544323682785], 214.150714
116, 18:13:33:35, [0.6647612378001213,5.01517748972401,4.196107745170593,7.307361759245396], 165.083000
117, 18:13:33:35, [-2.410435140132904,-1.2570622861385345,0.058388110250234604,-0.6706520467996597], 245.047788
118, 18:13:33:35, [-6.825775440782309,-4.25600156141445,-3.7555221430957317,-0.7038549892604351], 440.241752
119, 18:13:33:35, [-0.3716058637946844,1.2365245074033737,2.1991271949373186,5.145923379459418], 190.579679
120, 18:13:33:35, [-5.128541648387909,-2.2539765927940607,-7.899339079856873,-8.346210552321281], 507.455983
121, 18:13:33:35, [-5.38950749556534,5.01517748972401,4.196107745170593,2.404544323682785], 244.902550
122, 18:13:33:35, [0.6647612378001213,7.20067073777318,4.196107745170593,2.404544323682785], 139.790379
123, 18:13:33:35, [0.6647612378001213,7.20067073777318,-0.00937860831618309,2.404544323682785], 127.191113
124, 18:13:33:35, [0.6647612378001213,7.20067073777318,-0.00937860831618309,2.661415457725525], 127.273913
125, 18:13:33:35, [-3.508734604169149,0.5435999953188002,-0.03763036197051406,9.613215364515781], 304.050805
126, 18:13:33:35, [-3.127679727971554,-4.134883798658848,-4.764741426333785,-1.1310255080461502], 378.430472
127, 18:13:33:35, [5.762642415240407,-7.310460973531008,-9.53222405910492,3.8849275782704353], 438.546696
128, 18:13:33:35, [-2.9785827472805977,-5.291914719622582,9.49215704202652,-0.9819285273551941], 437.487958
129, 18:13:33:35, [2.036681979894638,7.20067073777318,-0.00937860831618309,2.661415457725525], 121.456780
130, 18:13:33:35, [2.036681979894638,9.588610619306564,-0.00937860831618309,2.661415457725525], 126.812348
131, 18:13:33:35, [2.036681979894638,7.20067073777318,0.8641359489411116,2.661415457725525], 125.308563
132, 18:13:33:35, [2.036681979894638,7.20067073777318,-0.00937860831618309,7.07549110322725], 140.384846
133, 18:13:33:35, [4.804242089390755,8.874113531783223,2.7581814974546432,3.9214865947142243], 112.861681
134, 18:13:33:35, [5.018819600343704,-0.6954526752233505,4.6461590975522995,-9.76648399233818], 314.620242
135, 18:13:33:36, [-7.004291482269764,6.8609009915962815,-3.2275599462445825,7.237992442212999], 309.526818
136, 18:13:33:36, [4.849644841160625,8.581212315708399,0.4185220023500733,-4.277484765421832], 142.034091
137, 18:13:33:36, [-1.5968110347166657,8.874113531783223,2.7581814974546432,3.9214865947142243], 169.678273
138, 18:13:33:36, [4.804242089390755,4.009349152445793,2.7581814974546432,3.9214865947142243], 121.696607
139, 18:13:33:36, [4.804242089390755,8.874113531783223,-6.244602382183075,3.9214865947142243], 151.837823
140, 18:13:33:36, [4.804242089390755,8.874113531783223,2.7581814974546432,0.01036977767944336], 108.096138
141, 18:13:33:36, [5.663065750804947,6.176313754300099,-0.30014169727291795,-0.025297891993836374], 83.411514
