start_time : 2024_11_18_14:27:17
name : labopt_logs\lab_opt_2024_11\optimization__2024-11-18-14-27__dual_annealing__.txt
method : dual_annealing
args : (6, 8, 1, 2)
paras_init : array([3, 0, 4, 2])
bounds : ((-10, 10), (-10, 10), (-10, 10), (-10, 10))
max_run : 10
form : rounds, time, parameters, cost 


0, 18:14:27:18, [3,0,4,2], 184.184823
1, 18:14:27:18, [7.326022103428841,4.326022103428841,-0.14303190633654594,6.326022103428841], 120.698053
2, 18:14:27:18, [-7.211675267666578,7.07825531065464,2.6092013008892536,9.07825531065464], 329.614241
3, 18:14:27:18, [9.156106144189835,-7.04980006814003,-1.0230172872543335,5.446036718785763], 335.551234
4, 18:14:27:18, [-0.8808416873216629,6.272136822342873,-7.701080396771431,-4.590911120176315], 254.430616
5, 18:14:27:18, [-0.051590923219919205,6.272136822342873,-7.701080396771431,-4.590911120176315], 245.012797
6, 18:14:27:18, [-0.051590923219919205,-3.4593021850232617,-7.701080396771431,-4.590911120176315], 383.818249
7, 18:14:27:18, [-0.051590923219919205,-3.4593021850232617,-0.8418212458491325,-4.590911120176315], 310.108164
8, 18:14:27:18, [-0.051590923219919205,-3.4593021850232617,-0.8418212458491325,2.848265089094639], 268.367098
9, 18:14:27:18, [4.775945261120796,1.3682339936494827,3.985714942216873,-7.159465342760086], 226.765838
10, 18:14:27:18, [-1.984798602759838,-4.827790856361389,-2.775028921663761,6.07979079335928], 354.321635
11, 18:14:27:18, [9.206262823194265,5.798551555722952,8.416032504290342,-2.729147780686617], 196.517183
12, 18:14:27:18, [-8.545917719602585,-2.4854304045438766,-9.336148038506508,8.986870259046555], 584.419743
13, 18:14:27:18, [-4.134020179510117,5.798551555722952,8.416032504290342,-2.729147780686617], 289.512971
14, 18:14:27:18, [-4.134020179510117,9.278332456946373,8.416032504290342,-2.729147780686617], 297.624168
15, 18:14:27:18, [-4.134020179510117,9.278332456946373,-6.782165223732591,-2.729147780686617], 291.059957
16, 18:14:27:18, [-4.134020179510117,9.278332456946373,-6.782165223732591,6.976923614740372], 289.916660
17, 18:14:27:18, [2.6580677907913923,-1.4072502329945564,-1.9084738250821829,-6.230988414958119], 266.238283
18, 18:14:27:18, [7.57309640198946,3.507778376340866,3.0065547823905945,6.2527652978897095], 146.747626
19, 18:14:27:18, [1.6389292180538177,-2.2277116626501083,-2.72893525660038,0.31859810650348663], 239.868746
20, 18:14:27:18, [7.326022103428841,4.326022103428841,-0.14303190633654594,6.326022103428841], 120.698053
