start_time : 2024_11_18_14:37:11
name : labopt_logs\lab_opt_2024_11\optimization__2024-11-18-14-37__ahgo__.txt
method : ahgo
args : (6, 8, -5, 2)
paras_init : array([3, 0, 4, 2])
bounds : ((-10, 10), (-10, 10), (-10, 10), (-10, 10))
max_run : 10
form : rounds, time, parameters, cost 


0, 18:14:37:12, [3,0,4,2], -319.569569
1, 18:14:37:12, [3.6582556068897247,8.745231747627258,4.658255606889725,-9.254768252372742], -242.837927
2, 18:14:37:12, [-1.1284844130277634,3.95849172770977,-0.12848441302776337,-9.75542937964201], -253.967031
3, 18:14:37:12, [7.411694943904877,-7.50132891535759,8.411694943904877,-4.292491987347603], -12.399427
4, 18:14:37:12, [-2.366238124668598,-1.9282924234867096,-6.015268564224243,1.2805445045232773], -312.063580
5, 18:14:37:12, [-2.877057708799839,-1.9282924234867096,-6.015268564224243,1.2805445045232773], -300.666839
6, 18:14:37:12, [-2.877057708799839,-0.45885874330997467,-6.015268564224243,1.2805445045232773], -332.825846
7, 18:14:37:12, [-2.877057708799839,-0.45885874330997467,3.273262015078217,1.2805445045232773], -256.251167
8, 18:14:37:12, [-2.877057708799839,-0.45885874330997467,3.273262015078217,6.481513611972332], -242.539352
9, 18:14:37:12, [5.1358069851994514,7.554005950689316,-9.266626320779324,-5.5056216940283775], -405.091861
10, 18:14:37:12, [-5.833728522062302,-7.328278183937073,-4.148910455405712,-0.3879058286547661], -107.925238
11, 18:14:37:12, [1.0233660116791725,-0.7012734897434711,6.6209327057003975,6.2390988655388355], -242.072230
12, 18:14:37:12, [-2.4015028551220894,-8.850145995616913,3.1960638388991356,-1.9097736477851868], -34.099034
13, 18:14:37:12, [4.280573137104511,7.554005950689316,-9.266626320779324,-5.5056216940283775], -398.503131
14, 18:14:37:12, [4.280573137104511,-4.526558950543404,-9.266626320779324,-5.5056216940283775], -239.178247
15, 18:14:37:12, [4.280573137104511,7.554005950689316,-0.44353683292865753,-5.5056216940283775], -406.690251
16, 18:14:37:12, [4.280573137104511,7.554005950689316,-0.44353683292865753,-4.718354225158691], -413.304138
17, 18:14:37:12, [-0.28696074709296227,2.9864720664918423,3.359029710292816,-0.9157876819372177], -338.160273
18, 18:14:37:12, [8.81757539510727,-7.908991791307926,-5.913665037602186,-0.18135196715593338], -219.563428
19, 18:14:37:12, [2.2398008704185486,5.513233684003353,3.5534970313310623,-0.589748851954937], -382.380072
20, 18:14:37:12, [4.280573137104511,7.554005950689316,-0.44353683292865753,-4.718354225158691], -413.304138
