start_time : 2024_11_18_14:58:52
name : labopt_logs\lab_opt_2024_11\optimization__2024-11-18-14-58__dual_annealing__.txt
method : dual_annealing
args : (6, 8, -5, 2)
paras_init : array([3, 0, 4, 2])
bounds : ((-10, 10), (-10, 10), (-10, 10), (-10, 10))
max_run : 10
form : rounds, time, parameters, cost 


0, 18:14:58:52, [3,0,4,2], -402.751738
1, 18:14:58:52, [9.183425914496183,6.183425914496183,-0.22916081547737122,8.183425914496183], -277.875106
2, 18:14:58:52, [-2.507126282900572,-5.507126282900572,-2.4278385043144226,-3.507126282900572], -363.029077
3, 18:14:58:52, [1.3654125994071364,-1.6345874005928636,1.5637876465916634,0.48449987173080444], -463.699120
4, 18:14:58:52, [5.432564124464989,2.4325641244649887,9.862212553620338,8.78292477875948], 236.171156
5, 18:14:58:52, [9.705513522028923,-1.6345874005928636,1.5637876465916634,0.48449987173080444], -273.689256
6, 18:14:58:52, [9.705513522028923,2.228071428835392,1.5637876465916634,0.48449987173080444], -318.163040
7, 18:14:58:52, [9.705513522028923,2.228071428835392,-6.452160596847534,0.48449987173080444], -366.186748
8, 18:14:58:52, [9.705513522028923,2.228071428835392,-6.452160596847534,5.9989519864320755], -313.799529
9, 18:14:58:52, [3.8458224907517433,-3.6316196024417877,7.688148371875286,0.13926095515489578], -249.507613
10, 18:14:58:52, [3.40698460675776,4.916564602404833,-3.7636674232780933,8.687445160001516], -333.936209
11, 18:14:58:52, [7.879188552498817,9.388768538832664,0.7085365206003189,7.180375501513481], -278.883244
12, 18:14:58:52, [-4.411133050918579,-0.8089691698551178,-9.489201188087463,-5.109946101903915], -84.479242
13, 18:14:58:53, [8.28410553559661,9.388768538832664,0.7085365206003189,7.180375501513481], -264.999354
14, 18:14:58:53, [8.28410553559661,7.0807617753744125,0.7085365206003189,7.180375501513481], -314.379667
15, 18:14:58:53, [8.28410553559661,7.0807617753744125,-8.317181006073952,7.180375501513481], -323.109187
16, 18:14:58:53, [8.28410553559661,7.0807617753744125,-8.317181006073952,-2.7080535739660263], -352.196545
17, 18:14:58:53, [2.1116324067115784,2.138382449746132,5.316467836499214,-7.650432899594307], -228.148043
18, 18:14:58:53, [-4.073415149003267,-5.276758909225464,-6.718279056251049,4.934425741434097], -166.868452
19, 18:14:58:53, [-7.387933775782585,-8.591277532279491,-9.34347553551197,-3.734348103404045], 532.042628
20, 18:14:58:53, [1.3654125994071364,-1.6345874005928636,1.5637876465916634,0.48449987173080444], -463.699120
