start_time : 2024_11_18_15:11:06
name : labopt_logs\lab_opt_2024_11\optimization__2024-11-18-15-11__dual_annealing__.txt
method : dual_annealing
args : (6, 8, -5, 2)
paras_init : array([3, 0, 4, 2])
bounds : ((-10, 10), (-10, 10), (-10, 10), (-10, 10))
max_run : 10
form : rounds, time, parameters, cost 


0, 18:15:11:07, [3,0,4,2], -402.751738
1, 18:15:11:07, [8.609623158350587,-3.0446304231882095,9.609623158350587,-1.0446304231882095], 154.582520
2, 18:15:11:07, [-7.485778272151947,1.2610570639371872,-6.485778272151947,-8.485778272151947], 85.969889
3, 18:15:11:07, [-6.904277615249157,1.8425577208399773,-1.3706547319889069,-7.904277615249157], -163.003007
4, 18:15:11:07, [3.744468405842781,8.863554045557976,9.278091289103031,2.744468405842781], 42.703476
5, 18:15:11:07, [1.9885552823543549,8.863554045557976,9.278091289103031,2.744468405842781], 35.824612
6, 18:15:11:07, [1.9885552823543549,-8.575298389652744,9.278091289103031,2.744468405842781], 170.349253
7, 18:15:11:07, [1.9885552823543549,-8.575298389652744,1.9141640891321003,2.744468405842781], -230.337807
8, 18:15:11:07, [1.9885552823543549,-8.575298389652744,1.9141640891321003,3.1349123790860176], -221.848602
9, 18:15:11:07, [-6.709922730922699,-0.47959892451763153,-9.990136444568634,-5.563565634191036], 85.938219
10, 18:15:11:07, [-6.479833226650953,2.9563130997121334,9.09646588563919,-5.3334761299192905], 97.185023
11, 18:15:11:07, [4.904383942484856,-5.659469731152058,4.82999274879694,6.050741039216518], -177.820944
12, 18:15:11:07, [-8.058841973543167,3.5882661789655685,-8.01016928255558,-6.789420992136002], 125.760056
13, 18:15:11:07, [-6.520664297044277,-5.659469731152058,4.82999274879694,6.050741039216518], -112.661761
14, 18:15:11:07, [-6.520664297044277,-3.954996734857559,4.82999274879694,6.050741039216518], -168.437760
15, 18:15:11:07, [-6.520664297044277,-3.954996734857559,-5.602809155359864,6.050741039216518], -118.496834
16, 18:15:11:07, [-6.520664297044277,-3.954996734857559,-5.602809155359864,-3.4041565051302314], -199.711974
17, 18:15:11:07, [-8.359752148389816,-2.0949302688241005,-3.7427426874637604,-1.5440900400280952], -243.360223
18, 18:15:11:07, [3.153441220521927,9.418263100087643,-2.049982465803623,5.067329254001379], -409.332351
19, 18:15:11:07, [5.805185884237289,-2.4720331877470016,-7.03341606259346,7.719073921442032], -201.775346
20, 18:15:11:08, [-6.317796468734741,7.720632798969746,8.47877985239029,-6.245122499763966], 330.746888
21, 18:15:11:08, [-3.833659313619137,9.418263100087643,-2.049982465803623,5.067329254001379], -246.728349
22, 18:15:11:08, [3.153441220521927,8.820005134679377,-2.049982465803623,5.067329254001379], -414.458531
23, 18:15:11:08, [3.153441220521927,8.820005134679377,-1.0064952000975609,5.067329254001379], -412.723600
24, 18:15:11:08, [3.153441220521927,8.820005134679377,-1.0064952000975609,7.019562661647797], -364.815493
25, 18:15:11:08, [1.229075312614441,-3.2208547247573733,7.329051097854972,-6.597124448046088], -180.326047
26, 18:15:11:08, [9.187983904965222,-5.145452180877328,5.028047484345734,-1.0590881644748151], -73.769783
27, 18:15:11:08, [-0.10003976337611675,7.8941020257771015,5.996922075748444,0.8897223994135857], -289.476873
28, 18:15:11:08, [2.4799450784921646,-2.454019222408533,-8.78719232045114,6.738057389855385], -183.495470
29, 18:15:11:08, [-2.74556140601635,8.820005134679377,-1.0064952000975609,5.067329254001379], -310.811272
30, 18:15:11:08, [3.153441220521927,-1.908824011683464,-1.0064952000975609,5.067329254001379], -407.906134
31, 18:15:11:08, [3.153441220521927,-1.908824011683464,0.8819069266319275,5.067329254001379], -396.717606
32, 18:15:11:08, [3.153441220521927,-1.908824011683464,0.8819069266319275,7.407366588711739], -321.186300
33, 18:15:11:08, [-7.087932042777538,-5.59504584223032,3.0143551379442215,-5.174044009298086], -194.648290
34, 18:15:11:08, [6.4897263795137405,8.156641270034015,-9.052627791650593,-4.867205464281142], -270.927699
35, 18:15:11:08, [-4.002939901154605,-3.6913464665412903,-0.9006155282258987,3.5739023238420486], -384.624984
36, 18:15:11:08, [3.1388449519872665,7.1876547541469336,6.241169318556786,-0.009444385766983032], -299.026337
37, 18:15:11:08, [4.954206045717001,-3.6913464665412903,-0.9006155282258987,3.5739023238420486], -369.367264
38, 18:15:11:08, [-4.002939901154605,-2.9562958870083094,-0.9006155282258987,3.5739023238420486], -395.530039
39, 18:15:11:08, [-4.002939901154605,-2.9562958870083094,-7.368197128176689,3.5739023238420486], -231.354462
40, 18:15:11:08, [-4.002939901154605,-2.9562958870083094,-0.9006155282258987,3.776138983666897], -393.272500
41, 18:15:11:08, [4.803150547668338,-0.45648470520973206,6.64371095597744,5.561355508863926], -270.949067
42, 18:15:11:08, [-3.4472445398569107,6.380102019757032,-3.335620641708374,-9.023529693484306], -82.816025
43, 18:15:11:08, [3.4007561281323433,-5.643235899507999,-6.2736462177708745,0.963818202726543], -291.591439
44, 18:15:11:08, [3.0073074460960925,-1.7681435868144035,-2.0377278406522237,4.9642912819981575], -399.335506
45, 18:15:11:08, [1.1348625272512436,-1.7681435868144035,-2.0377278406522237,4.9642912819981575], -419.717137
46, 18:15:11:08, [1.1348625272512436,-7.376322045922279,-2.0377278406522237,4.9642912819981575], -284.422575
47, 18:15:11:08, [1.1348625272512436,-1.7681435868144035,-1.7354718521237373,4.9642912819981575], -425.120748
48, 18:15:11:08, [1.1348625272512436,-1.7681435868144035,-1.7354718521237373,0.08728497289121151], -470.154286
49, 18:15:11:09, [0.44362830370664597,-2.891472611692734,8.027135491371155,-9.512741804122925], 115.392269
50, 18:15:11:09, [-7.155304312705994,5.085965633392334,-7.207995196804404,-6.7352109691128135], -2.664822
51, 18:15:11:09, [4.369692596956156,-2.7119584679603577,0.8279562778770924,2.650713101029396], -390.931675
52, 18:15:11:09, [7.043509880080819,-9.520130518823862,-4.819661468267441,-9.334416771307588], 612.080558
53, 18:15:11:09, [7.671159893390723,-1.7681435868144035,-1.7354718521237373,0.08728497289121151], -380.096854
54, 18:15:11:09, [1.1348625272512436,4.193468064069748,-1.7354718521237373,0.08728497289121151], -459.891106
55, 18:15:11:09, [1.1348625272512436,-1.7681435868144035,2.420555580407381,0.08728497289121151], -462.705330
56, 18:15:11:09, [1.1348625272512436,-1.7681435868144035,-1.7354718521237373,4.36636583507061], -428.891271
57, 18:15:11:09, [-3.166094310581684,5.899639176204801,9.399576306343079,-2.141099415719509], -45.649115
58, 18:15:11:09, [-9.727432206273079,-5.741907455027103,-2.1495194882154465,-3.222120925784111], -18.113318
59, 18:15:11:09, [6.000540571287274,6.593650706112385,6.626322440803051,8.449079267680645], -50.616817
60, 18:15:11:09, [7.716900385916233,-3.9950494915246964,1.9741323590278625,4.425602935254574], -218.757810
61, 18:15:11:09, [-1.8880792573327199,-1.7681435868144035,-1.7354718521237373,0.08728497289121151], -480.244865
62, 18:15:11:09, [-1.8880792573327199,5.632670193910599,-1.7354718521237373,0.08728497289121151], -446.047597
63, 18:15:11:09, [-1.8880792573327199,-1.7681435868144035,6.793309006839991,0.08728497289121151], -415.357793
64, 18:15:11:09, [-1.8880792573327199,-1.7681435868144035,-1.7354718521237373,2.954785358160734], -438.557271
65, 18:15:11:09, [-1.6658727712929249,9.609293419402093,4.32803397346288,7.476511552929878], -87.491785
66, 18:15:11:09, [-6.044690676964819,-5.383298233151436,-9.834912392310798,5.46281174744945], 200.559756
67, 18:15:11:09, [-8.740089301019907,-9.158660399669316,-8.587481897324324,9.252593755722046], 1236.492091
68, 18:15:11:09, [9.85381012968719,8.48272567987442,8.962275173165835,-2.9551499346271157], 299.390475
69, 18:15:11:09, [-6.828720547258854,-1.7681435868144035,-1.7354718521237373,0.08728497289121151], -409.087335
70, 18:15:11:09, [-1.8880792573327199,0.7417046222835779,-1.7354718521237373,0.08728497289121151], -473.125824
71, 18:15:11:09, [-1.8880792573327199,-1.7681435868144035,5.747646868228912,0.08728497289121151], -455.418122
72, 18:15:11:09, [-1.8880792573327199,-1.7681435868144035,-1.7354718521237373,-9.163578013773076], -234.409407
73, 18:15:11:09, [9.128649272024632,8.104715286754072,9.281256675720215,2.337588883936405], 202.074223
74, 18:15:11:09, [6.5545502454042435,-1.0747199654579163,8.182862071320415,2.5344298109412193], -154.295404
75, 18:15:11:09, [3.523338869214058,4.388193430029787,3.569240827811882,-0.8467529192566872], -399.281707
76, 18:15:11:10, [1.276675708591938,1.3966113775968552,3.976785408689466,8.271586164832115], -259.292951
77, 18:15:11:10, [-0.20047740638256073,-1.7681435868144035,-1.7354718521237373,0.08728497289121151], -488.438286
78, 18:15:11:10, [-0.20047740638256073,-6.256514509906992,-1.7354718521237373,0.08728497289121151], -443.178961
79, 18:15:11:10, [-0.20047740638256073,-1.7681435868144035,6.90841721650213,0.08728497289121151], -418.937519
80, 18:15:11:10, [-0.20047740638256073,-1.7681435868144035,-1.7354718521237373,-6.219045400619507], -413.752455
81, 18:15:11:10, [-0.20047740638256073,-1.7681435868144035,-1.7354718521237373,0.08728497289121151], -488.438286
