start_time : 2024_11_18_15:01:49
name : labopt_logs\lab_opt_2024_11\optimization__2024-11-18-15-01__dual_annealing__.txt
method : dual_annealing
args : (6, 8, -5, 2)
paras_init : array([3, 0, 4, 2])
bounds : ((-10, 10), (-10, 10), (-10, 10), (-10, 10))
max_run : 10
form : rounds, time, parameters, cost 


0, 18:15:01:50, [3,0,4,2], -402.751738
1, 18:15:01:50, [-0.3576771467924118,-3.357677146792412,-5.946215869858861,-7.946215869858861], -190.521983
2, 18:15:01:50, [6.763181045651436,-1.8148424178361893,-4.403381139039993,-0.8253576755523682], -378.146870
3, 18:15:01:50, [2.601794645190239,-5.976228818297386,-2.9478750145062804,0.6301484489813447], -358.316895
4, 18:15:01:50, [8.314469575881958,2.542065605521202,5.570419415831566,9.148442879319191], 13.615088
5, 18:15:01:50, [0.9317477494478226,2.542065605521202,5.570419415831566,9.148442879319191], -156.481167
6, 18:15:01:50, [0.9317477494478226,-3.934947371482849,5.570419415831566,9.148442879319191], -68.325174
7, 18:15:01:50, [0.9317477494478226,-3.934947371482849,-4.82438419945538,9.148442879319191], -136.274038
8, 18:15:01:50, [0.9317477494478226,-3.934947371482849,-4.82438419945538,-3.5669178515672684], -336.861815
9, 18:15:01:50, [-9.088740028440952,-7.603394956327975,-8.492831784300506,6.412594370543957], 664.384833
10, 18:15:01:50, [1.26409013569355,9.015630394220352,8.126193568110466,9.383659914135933], 262.440015
11, 18:15:01:50, [4.287830654531717,-5.941716820001602,-1.4683012962341309,-5.573687300086021], -277.834871
12, 18:15:01:50, [-4.607776133343577,3.680028587579727,9.636091915890574,4.486022280529141], 20.119772
13, 18:15:01:50, [3.107944667339325,-5.941716820001602,-1.4683012962341309,-5.573687300086021], -297.034072
14, 18:15:01:50, [3.107944667339325,-7.879335954785347,-1.4683012962341309,-5.573687300086021], -196.251637
15, 18:15:01:50, [3.107944667339325,-7.879335954785347,-5.9549665451049805,-5.573687300086021], -58.590875
16, 18:15:01:50, [3.107944667339325,-7.879335954785347,-1.4683012962341309,-1.0742461644113064], -313.347831
17, 18:15:01:50, [1.9223293289542198,-8.443123169243336,9.624924130737782,-2.259861499071121], 159.927289
18, 18:15:01:50, [-7.951019912958145,1.061699464917183,7.472734123468399,7.866789251565933], 202.734160
19, 18:15:01:50, [7.6910609437618405,7.381398171186447,-6.207567170262337,-5.8135120421648026], -313.445125
20, 18:15:01:50, [-5.457902275025845,9.717940162867308,5.088691011071205,5.482746139168739], 26.152982
21, 18:15:01:50, [-9.631349578499794,7.381398171186447,-6.207567170262337,-5.8135120421648026], 263.384987
22, 18:15:01:50, [7.6910609437618405,-4.94965611025691,-6.207567170262337,-5.8135120421648026], -62.828079
23, 18:15:01:50, [7.6910609437618405,7.381398171186447,9.938641160726547,-5.8135120421648026], 340.690087
24, 18:15:01:51, [7.6910609437618405,7.381398171186447,-6.207567170262337,7.644819214940071], -367.774656
25, 18:15:01:51, [-9.346014866605401,6.214178197085857,-2.9137170761823654,-1.1944296583533287], -98.791246
26, 18:15:01:51, [-8.967245427891612,9.852625522762537,-9.944749936461449,-9.88903395831585], 1204.902712
27, 18:15:01:51, [5.43299376219511,1.8115346878767014,8.222569346427917,-7.825267627835274], 39.018781
28, 18:15:01:51, [-1.9385563731193542,-2.248219147324562,4.162815511226654,9.078968662768602], -162.470115
29, 18:15:01:51, [-3.1743149757385254,7.381398171186447,-6.207567170262337,7.644819214940071], -210.390279
30, 18:15:01:51, [7.6910609437618405,-3.3637864887714386,-6.207567170262337,7.644819214940071], -110.028217
31, 18:15:01:51, [7.6910609437618405,7.381398171186447,0.6612541601061821,7.644819214940071], -306.102525
32, 18:15:01:51, [7.6910609437618405,7.381398171186447,-6.207567170262337,6.951790994033217], -402.118377
33, 18:15:01:51, [0.5009088665246964,7.480352305341512,-1.8738407245837152,-6.161903642117977], -341.810606
34, 18:15:01:51, [-3.8711369885131717,9.528924368321896,-4.060040973126888,9.099317193031311], -25.355316
35, 18:15:01:51, [-9.839061595499516,-8.71227714419365,3.8889954574406147,1.269968593493104], 235.467454
36, 18:15:01:51, [3.4585620760917664,3.1488993018865585,1.71817846596241,2.7192921191453934], -389.482064
37, 18:15:01:51, [8.301186636090279,3.1488993018865585,1.71817846596241,2.7192921191453934], -333.339512
38, 18:15:01:51, [3.4585620760917664,9.045385457575321,1.71817846596241,2.7192921191453934], -350.335031
39, 18:15:01:51, [3.4585620760917664,3.1488993018865585,9.703893154859543,2.7192921191453934], -103.365920
40, 18:15:01:51, [3.4585620760917664,3.1488993018865585,1.71817846596241,-7.159768238663673], -303.769518
41, 18:15:01:51, [2.318004921078682,-5.125208303332329,0.5776213109493256,-5.554815486073494], -340.813355
42, 18:15:01:51, [4.217029169201851,3.907366394996643,-6.802340030670166,3.477759212255478], -439.482684
43, 18:15:01:51, [-9.253212235867977,-2.771897315979004,-4.5902361907064915,-9.99248219281435], 447.881363
44, 18:15:01:51, [9.85681631276384,9.040572356432676,-1.162552887108177,5.992684341967106], -334.197414
45, 18:15:01:51, [-1.7902900530025363,3.907366394996643,-6.802340030670166,3.477759212255478], -379.851577
46, 18:15:01:51, [4.217029169201851,-8.729328073561192,-6.802340030670166,3.477759212255478], -12.828303
47, 18:15:01:51, [4.217029169201851,3.907366394996643,-5.3629439920187,3.477759212255478], -439.146295
48, 18:15:01:51, [4.217029169201851,3.907366394996643,-5.3629439920187,-7.882280200719833], -276.412819
49, 18:15:01:51, [5.531170478090644,-7.220354499295354,3.5093351136893034,-7.649961682036519], 16.934143
50, 18:15:01:51, [9.481052100658417,8.952644241973758,5.672535549849272,9.206855200231075], 203.118882
51, 18:15:01:51, [3.6877078025136143,-5.586309606209397,-8.646721508353949,0.9999791234731674], -178.013362
52, 18:15:01:51, [1.820985620841384,3.62837253510952,-9.51205189526081,3.198765352368355], -335.926121
53, 18:15:01:52, [-5.571593061089516,3.907366394996643,-5.3629439920187,3.477759212255478], -294.263173
54, 18:15:01:52, [4.217029169201851,6.423810418695211,-5.3629439920187,3.477759212255478], -469.253315
55, 18:15:01:52, [4.217029169201851,6.423810418695211,6.196740236133337,3.477759212255478], -289.161446
56, 18:15:01:52, [4.217029169201851,6.423810418695211,-5.3629439920187,2.7410817770287395], -468.593927
57, 18:15:01:52, [-8.91905289888382,-6.669230684638023,-0.824217651039362,-5.822215959429741], 20.775592
58, 18:15:01:52, [-5.491460558027029,1.5174026787281036,9.730648264288902,-2.1653259694576263], -63.647827
59, 18:15:01:52, [6.521953135728836,7.863550595939159,3.274465523660183,-8.621508710086346], -30.587476
60, 18:15:01:52, [6.417574690189213,3.0451328307390213,3.756190061569214,1.8689257055521011], -354.836557
61, 18:15:01:52, [3.6446967720985413,6.423810418695211,-5.3629439920187,2.7410817770287395], -458.565678
62, 18:15:01:52, [4.217029169201851,-3.7684142477810383,-5.3629439920187,2.7410817770287395], -320.839519
63, 18:15:01:52, [4.217029169201851,6.423810418695211,2.6893967495998368,2.7410817770287395], -382.994673
64, 18:15:01:52, [4.217029169201851,6.423810418695211,-5.3629439920187,-0.19012489914894104], -485.829131
65, 18:15:01:52, [4.00708594545722,8.460428580641747,-1.8580361679196358,-3.623505786061287], -378.749303
66, 18:15:01:52, [-6.957786709070206,-2.7885531815700233,9.254883419722319,4.71395671623759], 91.361585
67, 18:15:01:52, [0.3443182446062565,1.4439503401517868,9.657195933163166,-4.849206950515509], -120.286751
68, 18:15:01:52, [-6.323629251681268,-7.15415500945528,9.27414409071207,9.26921667996794], 802.616541
69, 18:15:01:52, [-8.933200312312692,6.423810418695211,-5.3629439920187,-0.19012489914894104], -90.731584
70, 18:15:01:52, [4.217029169201851,-6.604491248726845,-5.3629439920187,-0.19012489914894104], -281.169414
71, 18:15:01:52, [4.217029169201851,6.423810418695211,-5.993662312626839,-0.19012489914894104], -490.075077
72, 18:15:01:52, [4.217029169201851,6.423810418695211,-5.993662312626839,1.1798853427171707], -484.120684
73, 18:15:01:52, [-5.284740861272439,6.431447995826602,-2.1403374671936035,6.579493833705783], -251.713540
74, 18:15:01:52, [-4.131962202489376,3.8418308231048286,6.526548195164651,-9.831504188477993], 146.447084
75, 18:15:01:52, [-9.512768056243658,-8.500930672511458,-4.354971257736906,-2.470247861929238], 263.749702
76, 18:15:01:52, [-7.541476085782051,-6.991738069802523,2.2478324323892593,7.412054134067148], 93.382992
77, 18:15:01:52, [-0.5483639240264893,6.423810418695211,-5.993662312626839,-0.19012489914894104], -452.073559
78, 18:15:01:52, [4.217029169201851,-4.275652455165982,-5.993662312626839,-0.19012489914894104], -336.927486
79, 18:15:01:52, [4.217029169201851,6.423810418695211,-4.3652162328362465,-0.19012489914894104], -475.970911
80, 18:15:01:52, [4.217029169201851,6.423810418695211,-5.993662312626839,1.4545159414410591], -481.509112
81, 18:15:01:53, [4.217029169201851,6.423810418695211,-5.993662312626839,-0.19012489914894104], -490.075077
