start_time : 2024_11_18_14:36:34
name : labopt_logs\lab_opt_2024_11\optimization__2024-11-18-14-36__ahgo__.txt
method : ahgo
args : (6, 8, -5, 2)
paras_init : array([3, 0, 4, 2])
bounds : ((-10, 10), (-10, 10), (-10, 10), (-10, 10))
max_run : 10
form : rounds, time, parameters, cost 


0, 18:14:36:34, [3,0,4,2], -319.569569
1, 18:14:36:34, [-5.414771041832864,-8.414771041832864,-4.414771041832864,-6.414771041832864], -11.246046
2, 18:14:36:34, [9.51001726090908,-7.639492597430944,-9.48998273909092,8.51001726090908], -148.539464
3, 18:14:36:34, [-2.861122064292431,-0.010631922632455826,-1.8611220642924309,-3.861122064292431], -289.534156
4, 18:14:36:34, [8.422479748725891,-8.727030113339424,-2.970451056957245,7.422479748725891], -148.246445
5, 18:14:36:34, [-5.991133838891983,-8.727030113339424,-2.970451056957245,7.422479748725891], -19.810093
6, 18:14:36:34, [-5.991133838891983,-8.247451096773148,-2.970451056957245,7.422479748725891], -38.452557
7, 18:14:36:34, [-5.991133838891983,-8.247451096773148,-9.582125522196293,7.422479748725891], -20.619708
8, 18:14:36:34, [-5.991133838891983,-8.247451096773148,-9.582125522196293,-3.084567792713642], -19.495003
9, 18:14:36:34, [-1.5301028080284595,8.379928596317768,-5.121094491332769,1.3764632381498814], -418.335661
10, 18:14:36:34, [4.767882362008095,-8.93223050236702,1.1768906712532043,7.674448400735855], -118.782231
11, 18:14:36:34, [-0.811133399605751,3.5249405205249786,-9.976082563400269,2.09543264657259], -379.590346
12, 18:14:36:34, [9.456868790090084,-6.207057289779186,0.29191962629556656,2.281832914799452], -236.574700
13, 18:14:36:34, [4.597523368895054,3.5249405205249786,-9.976082563400269,2.09543264657259], -420.558187
14, 18:14:36:34, [4.597523368895054,9.807109639048576,-9.976082563400269,2.09543264657259], -437.313978
15, 18:14:36:35, [4.597523368895054,9.807109639048576,0.8127599507570267,2.09543264657259], -435.811705
16, 18:14:36:35, [4.597523368895054,9.807109639048576,0.8127599507570267,-3.617033250629902], -403.402212
17, 18:14:36:35, [4.592585384845734,0.16744524985551834,-8.826904438436031,6.74330236017704], -387.185073
18, 18:14:36:35, [-5.061766220256686,-1.4620461091399193,-3.585906982421875,-8.553461700677872], -150.084580
19, 18:14:36:35, [-7.449155360460281,8.28779873251915,-0.7065509557723999,-5.298438385128975], -233.620202
20, 18:14:36:35, [4.597523368895054,9.807109639048576,-9.976082563400269,2.09543264657259], -437.313978
