start_time : 2024_11_18_14:58:06
name : labopt_logs\lab_opt_2024_11\optimization__2024-11-18-14-58__differential_evolution__.txt
method : differential_evolution
args : (6, 8, -5, 2)
paras_init : array([3, 0, 4, 2])
bounds : ((-10, 10), (-10, 10), (-10, 10), (-10, 10))
max_run : 10
form : rounds, time, parameters, cost 


0, 18:14:58:06, [3.0000000000000004,0.0,3.999999999999999,1.9999999999999996], -402.751738
1, 18:14:58:06, [-0.0841408803686805,7.288412790224652,6.2240774894953255,-0.11307295583072752], -313.239476
2, 18:14:58:06, [0.7900038201277271,-9.231926955956066,3.771377515345251,-8.36502442895543], 135.386674
3, 18:14:58:06, [-9.318528362021013,6.407815933204479,-4.569884686419112,1.5807120549628673], -49.388634
4, 18:14:58:06, [4.840749933585478,6.736882020101125,9.684672268182348,4.330378077228307], 3.563930
5, 18:14:58:06, [3.335593537459296,6.008629733906705,-3.490802776439171,-6.592988517854048], -344.737988
6, 18:14:58:06, [-4.541068892610087,-1.3723171840396597,-5.205190993135803,-6.122885089076762], -266.963322
7, 18:14:58:06, [-6.773078813388203,-5.795805392661906,-4.26380915630105,-8.902979290424978], 172.006490
8, 18:14:58:06, [-3.5472213439886993,-1.9436103841512753,4.238325274851107,-3.375468898980638], -402.146519
9, 18:14:58:06, [4.439688477264898,-3.620890310116709,-9.235424040471624,-4.728245605150812], -109.225253
10, 18:14:58:06, [0.34960623325288154,8.308081117789976,-2.869293555236838,-2.9666259098455097], -371.990769
11, 18:14:58:06, [-1.915827186774176,-2.9369078766026946,-6.052286307707048,8.320726973784996], -165.979457
12, 18:14:58:06, [-8.332254392275432,-7.541375595889972,-0.9505462002439624,9.996216795931328], 493.978724
13, 18:14:58:06, [4.113465113566692,-8.452956385616714,-0.34318218918904964,4.916858034056936], -176.300965
14, 18:14:58:06, [-9.808539530188845,8.37743890025563,-8.911113305946436,-2.6085260959519685], 393.562934
15, 18:14:58:06, [-7.676853016139509,-1.3286521608279644,-9.33893826631559,3.1931993544409765], 17.720505
16, 18:14:58:07, [8.924713205651573,1.4202657911933647,2.3388567758887224,-9.467052266081033], 53.995358
17, 18:14:58:07, [-4.086725131263078,5.403358039723374,1.5816466009553332,7.698354167277312], -221.600241
18, 18:14:58:07, [2.8288148690873482,-8.9715846002213,-1.8155746916475535,2.9050763053166784], -181.083562
19, 18:14:58:07, [-5.523152507349348,2.848921262518207,1.936677316426112,3.3702957885444196], -333.714823
20, 18:14:58:07, [-5.6966605942310045,-4.270503303480991,6.641136431213289,7.634907271494285], 33.069737
21, 18:14:58:07, [-7.127854460694922,7.589143552530031,0.380179900078228,6.29140729525661], -117.640560
22, 18:14:58:07, [9.994299791568366,-0.43001605059780124,-7.8624882225434165,0.586945159620671], -271.906345
23, 18:14:58:07, [-0.4838508706688449,-2.3668899694987533,-1.6241507221458928,-1.0916699229543303], -483.703519
24, 18:14:58:07, [6.955272591793598,4.054793669978034,-9.734850577433523,5.755088398786068], -331.992216
25, 18:14:58:07, [-3.831992809448651,0.330155119318678,-3.736078909238907,0.6940099179856185], -404.147905
26, 18:14:58:07, [-3.0711894555022567,-8.066993042527693,-0.0853963194823737,1.7853136527322322], -323.512831
27, 18:14:58:07, [7.715586238847942,1.7068247320537044,4.439978908424109,5.202181126755512], -268.887158
28, 18:14:58:07, [1.1213258337543586,-0.017161277507995454,7.125887373037692,6.969620908862688], -229.174118
29, 18:14:58:07, [-7.591716179459462,-2.1521711514362716,3.518806843604787,5.494480994839785], -212.422496
30, 18:14:58:07, [2.5743456883896365,-0.793088152125514,-6.963883733509667,1.2537678448224554], -398.670044
31, 18:14:58:07, [5.115009539609597,-6.3009635796025805,5.127800964257316,4.5026129385926446], -191.917581
32, 18:14:58:07, [-2.1907670924597777,-4.947027907902074,-7.513495713572947,2.3772860380253613], -239.441932
33, 18:14:58:07, [-1.2562276116336857,9.176609041958525,2.9647656111974308,8.577884795254588], -99.679813
34, 18:14:58:07, [-8.845249503543961,2.584664131471588,8.015636962606724,-7.085062900349291], 331.154983
35, 18:14:58:07, [5.893386365117561,5.252272063125611,9.104000672307539,-0.8670171490134682], -124.608788
36, 18:14:58:07, [9.179384169905763,-7.2933514672887085,7.589363202881345,-4.379417300860982], 400.852434
37, 18:14:58:07, [1.8893963836012206,7.828270222816696,8.611240774729483,-1.441030679595604], -98.570252
38, 18:14:58:07, [0.29227321833175113,-6.59498101310271,7.987648698415453,-9.686157218647573], 326.228458
39, 18:14:58:07, [6.602772993572543,9.482421886101228,-8.203326556471659,7.2196879472919795], -334.326718
40, 18:14:58:07, [1.5672086397704632,2.1201195102748405,-7.239351050221798,0.011028732541067399], -416.524969
41, 18:14:58:07, [3.844099142425965,8.99787774698838,9.633642841371197,-6.899876061636386], 333.612046
42, 18:14:58:07, [-0.6995899774609027,-6.852940125214455,5.469014359327549,-0.3366809482953981], -386.768285
43, 18:14:58:07, [7.248616062812287,4.881746516087557,6.7518953401702,9.319714027774326], 45.089002
44, 18:14:58:07, [8.288733681473644,-4.452951900723399,-8.577045578621323,-5.844821530430837], 85.063868
45, 18:14:58:07, [-5.15910306899055,-9.978879039331316,0.1775279337615654,-4.201907017272749], -38.403712
46, 18:14:58:08, [-9.564013151520873,3.0961820953099006,-2.27721897703022,-2.154346149211582], -142.722582
47, 18:14:58:08, [5.439946572776231,-3.696998744933333,3.323435530669445,6.563141680313127], -231.451301
48, 18:14:58:08, [7.4976670822236535,9.893004269237588,-5.453313649937133,-7.514640595614724], -161.023868
49, 18:14:58:08, [-1.4992448344105525,4.37641139797309,-2.462548563810303,-8.32152972719541], -263.083468
50, 18:14:58:08, [-6.649629436555687,0.8517819960839845,4.847328383990995,8.954505000120385], -2.775281
51, 18:14:58:08, [6.292585424665271,1.3091618779160186,-1.2352757312957963,2.139031223901462], -430.373010
52, 18:14:58:08, [2.3316068140138047,3.6745949934479016,1.0604573398254047,-5.535204735506902], -367.636309
53, 18:14:58:08, [-2.921245482933934,5.902912968445452,-3.200709466113816,-3.8450500330983273], -335.464780
54, 18:14:58:08, [-6.227306018007476,-7.696785621688484,-4.8456597095159335,-7.85541990611251], 194.071813
55, 18:14:58:08, [-4.7585855129146095,3.3453444231104323,0.8904387554312132,-3.254419129481713], -358.367723
56, 18:14:58:08, [8.387362952734332,-5.076459056317092,-5.869075349346833,-1.8408401229698501], -157.533321
57, 18:14:58:08, [3.176774274395917,0.5519376241210794,8.907808385415684,3.741737563116958], -179.531013
58, 18:14:58:08, [9.508374393761944,-3.2848294595796714,2.189027905917502,9.370455790905417], 124.366749
59, 18:14:58:08, [-2.555182662833473,-5.445720040337245,5.845539302857434,-5.024326107336405], -283.571151
60, 18:14:58:08, [-2.5418688382130217,-8.617464830576264,-1.6241507221458928,-1.0916699229543303], -304.531954
61, 18:14:58:08, [6.604174222563975,7.288412790224652,6.2240774894953255,-7.544771227415389], 3.772835
62, 18:14:58:08, [2.895993714578673,-3.021522366223203,-5.967862419146597,0.6530448130098643], -364.902548
63, 18:14:58:08, [2.5425470132163497,-8.92948755681965,-5.601776435459021,7.601498347254374], 128.767173
64, 18:14:58:08, [6.779952282972044,-7.0089511504921775,9.684672268182348,4.330378077228307], 341.060637
65, 18:14:58:08, [-3.7652210978106213,-3.7530387713489377,1.8824049514152597,-6.592988517854048], -311.096685
66, 18:14:58:08, [-4.541068892610087,-4.31366805989894,-5.782368949208707,-8.784170976883404], 33.485227
67, 18:14:58:08, [-6.773078813388203,-5.795805392661906,-2.177271999728283,2.4228656074480326], -272.547141
68, 18:14:58:08, [-3.5472213439886993,-1.9436103841512753,2.8942336273466496,1.4354584018562222], -430.033236
69, 18:14:58:08, [3.419594134800783,-3.0902919706258425,5.130039676056768,0.04388309116235334], -383.514313
70, 18:14:58:08, [-8.50040196408569,1.2626773109600364,-4.616556316573273,-5.7493861442565874], -89.235689
71, 18:14:58:08, [-7.9334781837896085,-7.39119850195114,-6.5854274639899995,8.320726973784996], 485.764259
72, 18:14:58:08, [0.7320136070081995,-7.541375595889972,-1.0275864017757375,9.996216795931328], 31.427647
73, 18:14:58:08, [-7.244893729590625,-2.1536065015835923,-2.2006995415437194,3.275503107920159], -310.328630
74, 18:14:58:08, [-7.571875963901665,4.4169072648011465,-4.834047841245547,5.361431381506727], -173.566495
75, 18:14:58:09, [5.789444838455942,-5.362251282367071,-9.095474247298846,3.0427677182006097], -97.622823
76, 18:14:58:09, [8.924713205651573,1.5157137312029523,-3.2360292101691313,-9.467052266081033], -12.420070
77, 18:14:58:09, [-4.086725131263078,-1.4863957193040944,1.5816466009553332,5.353775879799178], -378.574956
78, 18:14:58:09, [5.504495074365399,-1.6079473571629344,5.418467871192516,-2.7061740583874148], -336.348180
79, 18:14:58:09, [-5.523152507349348,-0.26065681846047184,-1.775202148514431,3.669237005608359], -391.129380
80, 18:14:58:09, [-6.052103223232366,-3.812450549355708,-7.559378688926373,-1.3407769853749207], -183.044954
81, 18:14:58:09, [-7.127854460694922,3.461065242947452,-9.747510310053869,2.1631362160615453], -36.337550
82, 18:14:58:09, [-2.922379852385549,1.8388350072007809,-3.071286609684567,0.586945159620671], -406.879979
83, 18:14:58:09, [3.728530726503887,-4.740664153703566,0.7635322439364289,-9.202619572600819], -102.816505
84, 18:14:58:09, [8.039481431025134,-3.1670223907122486,3.5941204243498426,5.755088398786068], -158.493673
85, 18:14:58:09, [1.6728545012349039,-0.8977062598551622,-3.736078909238907,4.375620814453622], -404.366885
86, 18:14:58:09, [-3.0711894555022567,-8.066993042527693,-4.297027498848433,4.820171949789982], -133.233326
87, 18:14:58:09, [0.058745469332035505,-5.882874791918389,4.439978908424109,-2.9982839297811448], -388.182503
88, 18:14:58:09, [1.1213258337543586,-5.817930275051556,-4.564841666838468,6.969620908862688], -209.546090
89, 18:14:58:09, [-2.644385411906387,-1.3752391440526213,-7.072456885523276,-4.501906100385041], -295.612670
90, 18:14:58:09, [-1.6764041632477,-4.730340677655627,-0.006346638196591536,3.4742878874598127], -421.222982
91, 18:14:58:09, [-4.076452784908954,-3.700250527778124,-4.837177828855265,-2.323904951017588], -321.103093
92, 18:14:58:09, [-8.871113572439322,-6.273403163615107,-7.513495713572947,5.261062014557001], 294.008356
93, 18:14:58:09, [1.0960571657556084,-4.8777954152399685,2.9647656111974308,8.577884795254588], -153.748861
94, 18:14:58:09, [-1.428691309169381,-4.444504243185358,-3.626983928519735,2.4368280657377084], -370.589713
95, 18:14:58:09, [3.7316551034303735,5.252272063125611,-1.1203629060881592,-0.6342508237044997], -473.214504
96, 18:14:58:09, [-0.6169177582549012,-5.0443834151358535,4.8970399017252175,7.902853285779399], -171.440915
97, 18:14:58:09, [5.047928593486115,7.828270222816696,-1.415265299066898,-7.451861941825894], -286.770280
98, 18:14:58:09, [-4.680614963832247,-4.469478072593825,7.987648698415453,-9.686157218647573], 341.844032
99, 18:14:58:09, [6.602772993572543,-3.0445572435412815,4.833710070242809,3.6867909479921446], -256.225675
100, 18:14:58:09, [1.2819569529668295,2.7279510847024646,-0.6761108130179072,3.419049389970117], -428.667071
101, 18:14:58:09, [-6.076788579030885,1.6074309622835425,9.633642841371197,1.4240007524867138], -50.034900
102, 18:14:58:09, [3.481862043308075,1.6376698664507483,-4.334338589206332,-7.474774713598993], -293.556389
103, 18:14:58:09, [-5.253762367876364,-6.760551867067437,-5.953562455196691,-0.5448728824427962], -208.188516
104, 18:14:58:10, [0.6143663831140711,-2.062822876148127,-0.6720779958356071,-2.8163140995749925], -462.279424
105, 18:14:58:10, [0.14026268295402877,-0.35738384262475,4.698887469965111,-4.201907017272749], -423.239271
106, 18:14:58:10, [-9.564013151520873,3.0961820953099006,-0.28487390006705526,-2.732534153565338], -156.957245
107, 18:14:58:10, [5.439946572776231,3.449680125092116,-5.073333122491201,-9.19740222836326], -174.069428
108, 18:14:58:10, [3.057448159487086,-3.9114196305344295,2.1681409088815995,-7.514640595614724], -238.867305
109, 18:14:58:10, [1.3132327573234925,-1.5804002787206461,2.68924247902548,-7.220827428498582], -338.235511
110, 18:14:58:10, [-6.649629436555687,-2.5636342133489096,-1.8331869205850426,8.954505000120385], -61.458014
111, 18:14:58:10, [6.292585424665271,-1.546678410281892,2.40951944905911,1.4199104508788718], -376.514647
112, 18:14:58:10, [2.405651915541962,2.9667770459274534,-2.2193648185946,-3.286844470376856], -393.975269
113, 18:14:58:10, [-4.202185388656917,-2.44992487729216,-3.200709466113816,-3.8450500330983273], -346.492493
114, 18:14:58:10, [-6.227306018007476,-7.696785621688484,-1.6663866265731475,-1.9940815860723182], -251.032266
115, 18:14:58:10, [1.7261436102578354,3.3453444231104323,-0.8189177504138268,4.070430052722793], -428.431730
116, 18:14:58:10, [3.2454828471727515,3.0326469156736025,1.1192678406070433,1.3742665678932542], -413.446595
117, 18:14:58:10, [3.176774274395917,-2.6257326538763213,-8.067884963043227,3.741737563116958], -281.060479
118, 18:14:58:10, [9.508374393761944,-5.662991323115778,2.189027905917502,9.370455790905417], 273.579327
119, 18:14:58:10, [-0.0282896024436341,-5.445720040337245,-4.059850525611687,-5.024326107336405], -312.038327
120, 18:14:58:10, [-0.4838508706688449,-2.3668899694987533,-1.6241507221458928,-1.0916699229543303], -483.703519
121, 18:14:58:10, [-0.4838508606688449,-2.3668899694987533,-1.6241507221458928,-1.0916699229543303], -483.703519
122, 18:14:58:10, [-0.4838508706688449,-2.3668899594987534,-1.6241507221458928,-1.0916699229543303], -483.703520
123, 18:14:58:10, [-0.4838508706688449,-2.3668899694987533,-1.624150712145893,-1.0916699229543303], -483.703520
124, 18:14:58:10, [-0.4838508706688449,-2.3668899694987533,-1.6241507221458928,-1.0916699129543304], -483.703519
125, 18:14:58:10, [-3.6599427951369297,10.0,10.0,7.997331328400249], 637.600005
126, 18:14:58:10, [-3.6599427851369297,10.0,10.0,7.997331328400249], 637.600004
127, 18:14:58:10, [-3.6599427951369297,9.99999999,10.0,7.997331328400249], 637.600004
128, 18:14:58:10, [-3.6599427951369297,10.0,9.99999999,7.997331328400249], 637.600003
129, 18:14:58:10, [-3.6599427951369297,10.0,10.0,7.997331338400249], 637.600006
130, 18:14:58:10, [-1.1692769925040465,0.30198411618307075,0.884434274317228,0.8698094760131931], -487.361219
131, 18:14:58:10, [-1.1692769825040465,0.30198411618307075,0.884434274317228,0.8698094760131931], -487.361219
132, 18:14:58:11, [-1.1692769925040465,0.30198412618307074,0.884434274317228,0.8698094760131931], -487.361219
133, 18:14:58:11, [-1.1692769925040465,0.30198411618307075,0.884434284317228,0.8698094760131931], -487.361219
134, 18:14:58:11, [-1.1692769925040465,0.30198411618307075,0.884434274317228,0.8698094860131932], -487.361219
135, 18:14:58:11, [-0.8341531101649884,-1.0029026054858772,-0.3420826564080377,-0.08921232133249402], -514.702151
136, 18:14:58:11, [-0.8341531001649883,-1.0029026054858772,-0.3420826564080377,-0.08921232133249402], -514.702152
137, 18:14:58:11, [-0.8341531101649884,-1.0029025954858772,-0.3420826564080377,-0.08921232133249402], -514.702152
138, 18:14:58:11, [-0.8341531101649884,-1.0029026054858772,-0.3420826464080377,-0.08921232133249402], -514.702152
139, 18:14:58:11, [-0.8341531101649884,-1.0029026054858772,-0.3420826564080377,-0.08921231133249402], -514.702151
140, 18:14:58:11, [-0.7010567409502538,-0.7277437030487075,-0.04041286358027016,-0.53676476773913], -516.544216
141, 18:14:58:11, [-0.7010567309502538,-0.7277437030487075,-0.04041286358027016,-0.53676476773913], -516.544216
142, 18:14:58:11, [-0.7010567409502538,-0.7277436930487075,-0.04041286358027016,-0.53676476773913], -516.544216
143, 18:14:58:11, [-0.7010567409502538,-0.7277437030487075,-0.04041285358027016,-0.53676476773913], -516.544216
144, 18:14:58:11, [-0.7010567409502538,-0.7277437030487075,-0.04041286358027016,-0.5367647577391299], -516.544216
145, 18:14:58:11, [-0.7048202402210029,-0.8359174151201263,-0.12723081983203613,-0.5089646483411309], -516.665627
146, 18:14:58:11, [-0.7048202302210028,-0.8359174151201263,-0.12723081983203613,-0.5089646483411309], -516.665627
147, 18:14:58:11, [-0.7048202402210029,-0.8359174051201262,-0.12723081983203613,-0.5089646483411309], -516.665627
148, 18:14:58:11, [-0.7048202402210029,-0.8359174151201263,-0.12723080983203613,-0.5089646483411309], -516.665627
149, 18:14:58:11, [-0.7048202402210029,-0.8359174151201263,-0.12723081983203613,-0.5089646383411308], -516.665627
150, 18:14:58:11, [-0.7112010884619884,-0.8154995789074957,-0.12960551663502604,-0.4969288103275989], -516.668993
151, 18:14:58:11, [-0.7112010784619883,-0.8154995789074957,-0.12960551663502604,-0.4969288103275989], -516.668993
152, 18:14:58:11, [-0.7112010884619884,-0.8154995689074956,-0.12960551663502604,-0.4969288103275989], -516.668993
153, 18:14:58:11, [-0.7112010884619884,-0.8154995789074957,-0.12960550663502604,-0.4969288103275989], -516.668993
154, 18:14:58:11, [-0.7112010884619884,-0.8154995789074957,-0.12960551663502604,-0.4969288003275989], -516.668993
155, 18:14:58:11, [-0.7092584996153874,-0.8158785052065781,-0.12975863323820055,-0.5001904639121642], -516.669111
156, 18:14:58:11, [-0.7092584896153874,-0.8158785052065781,-0.12975863323820055,-0.5001904639121642], -516.669111
157, 18:14:58:11, [-0.7092584996153874,-0.8158784952065781,-0.12975863323820055,-0.5001904639121642], -516.669111
158, 18:14:58:11, [-0.7092584996153874,-0.8158785052065781,-0.12975862323820056,-0.5001904639121642], -516.669111
159, 18:14:58:11, [-0.7092584996153874,-0.8158785052065781,-0.12975863323820055,-0.5001904539121641], -516.669111
160, 18:14:58:11, [-0.7090905505806592,-0.8158266032392609,-0.1301123735525177,-0.5002530325655264], -516.669112
161, 18:14:58:12, [-0.7090905405806591,-0.8158266032392609,-0.1301123735525177,-0.5002530325655264], -516.669112
162, 18:14:58:12, [-0.7090905505806592,-0.8158265932392609,-0.1301123735525177,-0.5002530325655264], -516.669112
163, 18:14:58:12, [-0.7090905505806592,-0.8158266032392609,-0.1301123635525177,-0.5002530325655264], -516.669112
164, 18:14:58:12, [-0.7090905505806592,-0.8158266032392609,-0.1301123735525177,-0.5002530225655264], -516.669112
165, 18:14:58:12, [-0.7090695127307612,-0.8157924081683959,-0.13016407366992097,-0.5002445911571074], -516.669112
166, 18:14:58:12, [-0.7090695027307612,-0.8157924081683959,-0.13016407366992097,-0.5002445911571074], -516.669112
167, 18:14:58:12, [-0.7090695127307612,-0.8157923981683959,-0.13016407366992097,-0.5002445911571074], -516.669112
168, 18:14:58:12, [-0.7090695127307612,-0.8157924081683959,-0.13016406366992098,-0.5002445911571074], -516.669112
169, 18:14:58:12, [-0.7090695127307612,-0.8157924081683959,-0.13016407366992097,-0.5002445811571073], -516.669112
170, 18:14:58:12, [-0.7090695127307612,-0.8157924081683959,-0.13016407366992097,-0.5002445911571074], -516.669112
