start_time : 2024_11_18_14:49:15
name : labopt_logs\lab_opt_2024_11\optimization__2024-11-18-14-49__dual_annealing__.txt
method : dual_annealing
args : (6, 8, -5, 2)
paras_init : array([3, 0, 4, 2])
bounds : ((-10, 10), (-10, 10), (-10, 10), (-10, 10))
max_run : 10
form : rounds, time, parameters, cost 


0, 18:14:49:16, [3,0,4,2], -319.569569
1, 18:14:49:16, [7.013563469052315,4.013563469052315,8.013563469052315,6.013563469052315], -280.597795
2, 18:14:49:16, [-5.966274835169315,9.147508876398206,-4.966274835169315,-6.966274835169315], -257.781630
3, 18:14:49:16, [9.883668974041939,4.99745268560946,-9.116331025958061,-7.636925488710403], -346.706986
4, 18:14:49:16, [-4.092639431357384,2.1487852558493614,-3.0926394313573837,9.514407083392143], -262.982963
5, 18:14:49:16, [-5.898067340254784,2.1487852558493614,-3.0926394313573837,9.514407083392143], -232.487581
6, 18:14:49:16, [-5.898067340254784,-0.4447011798620224,-3.0926394313573837,9.514407083392143], -206.705084
7, 18:14:49:16, [-5.898067340254784,-0.4447011798620224,-7.640157340094447,9.514407083392143], -212.432186
8, 18:14:49:16, [-5.898067340254784,-0.4447011798620224,-7.640157340094447,-6.170569136738777], -212.038394
9, 18:14:49:16, [9.883668974041939,4.99745268560946,-9.116331025958061,-7.636925488710403], -346.706986
10, 18:14:49:16, [9.622147577255964,4.99745268560946,-9.116331025958061,-7.636925488710403], -347.514441
11, 18:14:49:16, [9.883668974041939,5.247325319889933,-9.116331025958061,-7.636925488710403], -349.062266
12, 18:14:49:16, [9.883668974041939,4.99745268560946,-9.572147577255965,-7.636925488710403], -341.254645
13, 18:14:49:16, [9.883668974041939,4.99745268560946,-9.116331025958061,-8.018771763145924], -337.231572
14, 18:14:49:16, [9.752908275648952,5.122389002749696,-9.344239301607011,-7.255079214274883], -354.133696
15, 18:14:49:16, [9.68752792645246,5.184857161319814,-9.458193439431486,-6.873232939839362], -361.120856
16, 18:14:49:16, [9.654837751854213,5.216091240604873,-8.831445681396868,-7.255079214274883], -361.757629
17, 18:14:49:16, [9.540422140760349,5.325410518102579,-8.46109473346732,-7.06415607705712], -371.806738
18, 18:14:49:16, [9.483214335213418,5.380070156851433,-8.959644086449401,-6.968694508448241], -367.818233
19, 18:14:49:16, [9.67526911097812,5.571378892472421,-8.881300616695071,-6.63457901831716], -375.384733
20, 18:14:49:16, [9.701829877839199,5.858341995903901,-8.763785412063577,-6.133405783120537], -385.495961
21, 18:14:49:17, [9.322828166090773,5.627014596198931,-8.705027809747833,-5.882819165522227], -389.530685
22, 18:14:49:17, [9.04240776211519,5.81685923435343,-8.499376201642718,-5.005766003928137], -402.587425
23, 18:14:49:17, [9.196409131511615,6.005483791285856,-7.883756777380022,-5.712778246437656], -403.678604
24, 18:14:49:17, [8.950849734041192,6.4157971062688794,-7.0965384463542875,-5.132550899736803], -417.578683
25, 18:14:49:17, [9.134540422164548,6.328134270462963,-7.45075331031455,-4.699244873473058], -417.518887
26, 18:14:49:17, [8.874391757319714,6.884155785392007,-7.444131951720246,-3.421327703072148], -430.727482
27, 18:14:49:17, [8.541376565599396,7.663528419036723,-6.93565056084671,-1.5999135160796616], -457.981495
28, 18:14:49:17, [8.132757364120966,7.2538175191570975,-6.2273738475155564,-2.0853318634882925], -458.084694
29, 18:14:49:17, [7.34822110726185,7.9515552807836976,-4.9591680652415455,-0.061294903672170165], -474.490609
30, 18:14:49:17, [7.945086152418305,8.3626483039227,-4.721678989735828,-0.7407360925527087], -463.051911
31, 18:14:49:17, [7.258226357495822,8.868630284543038,-4.405764720774636,0.9319971674523861], -467.216704
32, 18:14:49:17, [6.595605357346495,10.0,-3.4145927219450734,4.397577227310725], -463.922547
33, 18:14:49:17, [6.032192921661839,9.927888515587995,-1.8149516880018304,3.8636852153487777], -464.744827
34, 18:14:49:17, [5.672036719464696,10.0,-2.5755596082457144,5.306718445772568], -464.645989
35, 18:14:49:17, [6.559733195595609,8.374037040457367,-3.4631293191867893,0.6229757351400558], -471.127970
36, 18:14:49:17, [7.927150071542863,7.56105556068605,-4.745947288356686,-2.6280368386380433], -444.223594
37, 18:14:49:17, [6.235815057484238,9.390263890171513,-3.1181565282734574,3.3230296246699154], -462.895184
38, 18:14:49:17, [6.953977151428729,8.162796160620532,-4.211148692214167,0.2808404157339428], -472.663313
39, 18:14:49:17, [7.303223732378836,8.410092782663368,-4.682466393008091,0.435351131890108], -471.163068
40, 18:14:49:17, [6.690207014461844,8.939721898185846,-3.387059876621688,1.9011951558383038], -463.465672
41, 18:14:49:17, [6.510128913363273,8.975777640391849,-3.76736383674363,2.622711771050199], -463.397661
42, 18:14:49:17, [7.637685589402356,7.756305420734874,-4.852557676799115,-1.3446658711551067], -463.872620
43, 18:14:49:17, [7.93134677577404,7.200652924215392,-5.965610537009772,-2.246079769439917], -457.356173
44, 18:14:49:17, [7.000491954789894,8.504954654693233,-4.031697541718708,0.8643764245187486], -468.763658
45, 18:14:49:17, [6.665271383527298,8.758394018645541,-4.0896826692921415,2.1043024053904213], -465.445801
46, 18:14:49:17, [6.908374934996063,8.507871869167875,-4.280401421168885,1.2420603362540392], -469.050696
47, 18:14:49:17, [7.2564065082428435,8.011203391924507,-5.034894744097636,0.0841020655842113], -475.587624
48, 18:14:49:17, [7.384363784969317,7.764327760540144,-5.5364933452871,-0.30603511388305726], -477.625509
49, 18:14:49:18, [7.586517953023304,7.636514123135996,-5.414236826706568,-1.0676295712196275], -470.959436
50, 18:14:49:18, [7.416982198516494,7.854353559643966,-5.130777975322147,-0.49020709435121085], -473.985689
51, 18:14:49:18, [7.248548388709359,7.456423598130803,-5.23632764602439,-0.7236994799763558], -476.667306
52, 18:14:49:18, [7.74508058829978,7.350533938928775,-6.220234823723424,-1.0714587116753398], -473.457646
53, 18:14:49:18, [7.547304729082017,7.553599494351714,-5.717963290846111,-0.7333839298230193], -475.806302
54, 18:14:49:18, [7.347236806494778,7.508599507259213,-5.594198198377427,-0.4219996193260905], -479.041889
55, 18:14:49:18, [7.312364110483921,7.335722481066835,-5.825908309905067,-0.3878958818135302], -481.215478
56, 18:14:49:18, [7.398069399360457,7.103481386261052,-6.199178230789789,-1.0142122990758111], -478.167395
57, 18:14:49:18, [7.12436811267951,7.2763781186477035,-5.680990475157062,-0.482537457551358], -482.113619
58, 18:14:49:18, [6.912899804478256,7.1377674307957,-5.662504067312536,-0.3571142214155274], -484.816608
59, 18:14:49:18, [7.255300160936617,7.214225931201064,-6.375714330622855,-0.3089292781176073], -483.403341
60, 18:14:49:18, [7.054952952660308,6.631270854122182,-6.495159124028023,-0.7280407263281807], -484.675428
61, 18:14:49:18, [6.869689114919092,7.056011962331839,-5.980464685144451,0.12322224523838843], -487.454370
62, 18:14:49:18, [6.60549897269841,7.032277250367233,-5.871107912321783,0.6919395173954883], -488.084832
63, 18:14:49:18, [6.601961834902873,6.672048252176253,-6.3763344072375325,0.03682352758061663], -490.674465
64, 18:14:49:18, [6.24676069711235,6.340211137730961,-6.651547455903767,0.24918323227769001], -492.202366
65, 18:14:49:18, [6.154756052538044,6.356537405306975,-5.9644449491602005,0.23691317908234238], -492.413203
66, 18:14:49:18, [5.6044839983387575,5.9276931423599315,-5.758810258428875,0.5098344076823172], -490.912117
67, 18:14:49:18, [5.905004810753223,6.802125757978253,-5.57964306832112,1.1385015799981772], -488.316139
68, 18:14:49:18, [5.543110462072757,6.12780834489601,-6.3708676255409,1.5153829757923765], -488.569221
69, 18:14:49:18, [5.319317038539777,5.781064072588865,-6.4121436371412095,0.8780509661798048], -489.481124
70, 18:14:49:18, [5.726967314378241,5.500684722283154,-7.119858765551918,0.30126359666792957], -487.915235
71, 18:14:49:18, [5.860495436659477,6.476765499054478,-5.96469699262882,0.9291920841656154], -491.123779
72, 18:14:49:18, [6.247554150352066,6.349480712444629,-6.1255488918760985,-0.3687132449396502], -491.472550
73, 18:14:49:18, [6.935466129791191,6.980433304679657,-5.940975507643232,-0.35476334088680606], -486.209219
74, 18:14:49:18, [5.723354311352631,6.080906380611563,-6.294351604766716,0.5698473894131522], -492.434493
75, 18:14:49:18, [6.32571716901807,6.0868023189925875,-6.55324945822457,-0.5855768062488481], -489.838895
76, 18:14:49:19, [5.976800869749125,6.379274704039005,-6.111835109027758,0.5504998615619995], -492.572642
77, 18:14:49:19, [5.803281815024009,6.228984101399623,-6.385540667553121,1.1719350761072422], -490.561968
78, 18:14:49:19, [6.136486066520051,6.319356559683378,-6.190546835795354,0.01644883532207292], -492.795684
79, 18:14:49:19, [5.748937952967575,6.2278263870895,-5.629041793471247,0.4376714004120935], -491.354115
80, 18:14:49:19, [6.122305011076156,6.312114950070596,-6.395921040295637,0.2963052743112909], -492.883463
81, 18:14:49:19, [5.824717076810938,6.189288891895295,-6.53188234578253,0.47963750122191534], -492.706666
82, 18:14:49:19, [6.306800200725503,6.519111172232573,-6.320741060683924,0.10159834679548707], -492.329820
83, 18:14:49:19, [5.869215783695849,6.190457578516815,-6.300948968746018,0.4527851287587359], -492.910825
84, 18:14:49:19, [5.9995610993023725,6.126334286044036,-6.597814486282011,0.07208850824500801], -492.687698
85, 18:14:49:19, [5.993871041914061,6.189569390542779,-6.476319641968447,0.19169134657425585], -493.005129
86, 18:14:49:19, [6.236221874792122,6.316460347511489,-6.149985897620199,-0.001022208738737651], -492.457969
87, 18:14:49:19, [5.927593276306234,6.221081755799343,-6.436408233741947,0.3594725737317521], -493.017887
88, 18:14:49:19, [5.8200064899761,6.137255277781389,-6.61425210658067,0.6336783263659445], -492.115173
89, 18:14:49:19, [6.0573661723840635,6.2738312392078806,-6.296473153491683,0.1707562080830408], -493.071274
90, 18:14:49:19, [5.801718126073949,6.125355031962814,-6.3591539586784105,0.2910473542626015], -493.030001
91, 18:14:49:19, [6.021058524643304,6.214461130239593,-6.483228525194227,0.05369861256708919], -492.954600
92, 18:14:49:19, [5.98309783940644,6.208460242308898,-6.437658636082174,0.1534702416150009], -493.081750
93, 18:14:49:19, [5.891016665171283,6.224794744096689,-6.288527349028662,0.2956818422719418], -493.151313
94, 18:14:49:19, [5.839589476799896,6.2424074208736435,-6.194631202558771,0.34767709012078474], -493.066611
95, 18:14:49:19, [5.939006125211633,6.195138872988796,-6.25449831489852,0.09600524938454036], -493.123596
96, 18:14:49:19, [6.133525275012762,6.325757517338317,-6.27942476807211,0.06690941641466042], -492.904583
97, 18:14:49:19, [5.884669913308652,6.17545565330669,-6.339221661026835,0.2350128698006162], -493.143917
98, 18:14:49:19, [5.791529099164941,6.1280935171426565,-6.363479827026413,0.21932889345300885], -493.075755
99, 18:14:49:19, [5.857988367469721,6.1645279476589625,-6.34672815864273,0.20718572211051683], -493.146872
100, 18:14:49:19, [5.803242696174205,6.171498366716672,-6.1768291057162,0.2634726001688067], -493.045423
101, 18:14:49:19, [5.9381340535983815,6.199219773410841,-6.372451253490681,0.18097083125345234], -493.152339
102, 18:14:49:19, [5.846898374562385,6.186860186247795,-6.418965896195935,0.3634203833337232], -493.020120
103, 18:14:49:19, [5.915979187549321,6.193069201303546,-6.2956152102228735,0.16285903287183606], -493.166744
104, 18:14:49:19, [5.916889223585702,6.215350179928327,-6.312439324665638,0.18833584445325735], -493.191245
105, 18:14:49:20, [5.932998878724227,6.235297443239144,-6.299048156485039,0.16499733177957787], -493.199980
106, 18:14:49:20, [5.981076025051886,6.261662633366148,-6.281092825970898,0.1950687969778872], -493.165679
107, 18:14:49:20, [5.9930774072906265,6.219829781563151,-6.3355763740560835,0.05626615416943498], -493.091410
108, 18:14:49:20, [5.916531850701119,6.223553503463305,-6.300289605285517,0.23582792024631508], -493.181089
109, 18:14:49:20, [5.935158917414896,6.25757161727523,-6.215571645491483,0.1984057096843558], -493.168951
110, 18:14:49:20, [5.869258392142896,6.193083249274464,-6.274169482771558,0.18597620031315515], -493.178690
111, 18:14:49:20, [5.910994831942248,6.261683705322525,-6.248924234793925,0.2297445481398659], -493.199996
112, 18:14:49:20, [5.90850265413871,6.295990957332016,-6.225578747079453,0.26318730577388083], -493.186749
113, 18:14:49:20, [5.8797330593403485,6.19923733337449,-6.345644094176537,0.2098672905551012], -493.185484
114, 18:14:49:20, [5.950870918211075,6.266802743425268,-6.322783562598952,0.23424234504727487], -493.193459
115, 18:14:49:20, [5.920766993407829,6.25795710921741,-6.307910418741709,0.18359783751459482], -493.226826
116, 18:14:49:20, [5.922884564761183,6.275158912094463,-6.311720825469806,0.15748279614873467], -493.239447
117, 18:14:49:20, [5.979141537479017,6.320234068666211,-6.245594295497325,0.1833662200026254], -493.182530
118, 18:14:49:20, [5.904585178875015,6.2294865171974205,-6.320631644506734,0.20324202291698223], -493.209519
119, 18:14:49:20, [5.884860808940262,6.2340105455015085,-6.2673788680288,0.14349100444530544], -493.215929
120, 18:14:49:20, [5.878663813535127,6.264872396818815,-6.275279629914593,0.20198285404586624], -493.240338
121, 18:14:49:20, [5.851496280940577,6.279659873608651,-6.263395366629368,0.22047561517901038], -493.244360
122, 18:14:49:20, [5.870918584816272,6.247474218878498,-6.332639117523428,0.13260117120515047], -493.243492
123, 18:14:49:20, [5.860494940854133,6.288665257844141,-6.266935444318967,0.12378327057211824], -493.258070
124, 18:14:49:20, [5.838449821843692,6.318254628167502,-6.240087344225083,0.08405389439968625], -493.242978
125, 18:14:49:20, [5.86803637674582,6.311468585711367,-6.3199665089419845,0.17368042210720142], -493.282432
126, 18:14:49:20, [5.8596241606486,6.350197605816298,-6.346260329398575,0.1887751309381494], -493.288678
127, 18:14:49:20, [5.798382418868609,6.3078395659793305,-6.2928943034653635,0.17533479779847955], -493.275138
128, 18:14:49:20, [5.814080315839688,6.365706932745713,-6.252103604382709,0.22158323603872832], -493.259734
129, 18:14:49:20, [5.81479463716494,6.376544807584091,-6.315701474153439,0.13426260249472738], -493.290264
130, 18:14:49:20, [5.796443815277122,6.424987274571812,-6.341854527915473,0.09115609615258591], -493.258015
131, 18:14:49:20, [5.782945825406786,6.411479198218576,-6.336544411381078,0.2361946130629241], -493.254433
132, 18:14:49:20, [5.841107661992297,6.319368742937749,-6.284337686084495,0.1518861061948197], -493.282957
133, 18:14:49:21, [5.842874123497535,6.3112684284130225,-6.367493292168227,0.10354608267435972], -493.270755
134, 18:14:49:21, [5.835675671583072,6.324878054496194,-6.338645870221847,0.13305537101545187], -493.288632
135, 18:14:49:21, [5.877218646825845,6.377655039437835,-6.349578376463814,0.1286548075230946], -493.282838
136, 18:14:49:21, [5.857509589836537,6.36020117107321,-6.335407358214201,0.14032480509194084], -493.292412
137, 18:14:49:21, [5.8426943676242775,6.386542076547146,-6.383669829909536,0.14632284857531505], -493.280426
138, 18:14:49:21, [5.841504338400291,6.3361620763400985,-6.309170722040755,0.15049529178994353], -493.292168
139, 18:14:49:21, [5.851040691442112,6.386674775910654,-6.314624071681638,0.1738735441419287], -493.290809
140, 18:14:49:21, [5.822800467773339,6.379593809637729,-6.2911914836464415,0.11070299082112084], -493.280959
141, 18:14:49:21, [5.8504182374297855,6.357546656771656,-6.332493117960542,0.16925709590889226], -493.294291
142, 18:14:49:21, [5.8854417913894235,6.343747532463718,-6.330146160795129,0.18271276597162528], -493.283078
143, 18:14:49:21, [5.832456425721061,6.368345488803998,-6.319312645813861,0.14637514336395185], -493.294548
144, 18:14:49:21, [5.839903604251726,6.324452920583827,-6.333567850333041,0.12935262393543553], -493.288132
145, 18:14:49:21, [5.848256419644516,6.371119312078948,-6.319360016344488,0.1627433140903054], -493.294287
146, 18:14:49:21, [5.852815997915659,6.392444238023808,-6.344115847125791,0.15885488743760162], -493.289641
147, 18:14:49:21, [5.844332253279133,6.350232616761026,-6.317907003312014,0.15258519070185805], -493.294610
148, 18:14:49:21, [5.830222078200711,6.363420866134605,-6.30912903350125,0.17515556694056295], -493.293298
149, 18:14:49:21, [5.837043956109668,6.3626159423692545,-6.315698614679489,0.16644787647840742], -493.294885
150, 18:14:49:21, [5.833869016625309,6.34825104027402,-6.323345674538466,0.1545893391362494], -493.295020
151, 18:14:49:21, [5.826675315115704,6.336816904371556,-6.325338503635454,0.1505123516592214], -493.293170
152, 18:14:49:21, [5.8234325884378,6.357175887332493,-6.3056388512113735,0.1407416789313411], -493.292161
153, 18:14:49:21, [5.843671825181789,6.3574539644118655,-6.32577955127325,0.16212824166450446], -493.295318
154, 18:14:49:21, [5.847002099876889,6.340931293104086,-6.32205277608775,0.1715001806265578], -493.293264
155, 18:14:49:21, [5.836092844260017,6.36149193987902,-6.319997678382333,0.15265640267960334], -493.295287
156, 18:14:49:21, [5.831006567809259,6.364673826706053,-6.324503756124754,0.16532573927752425], -493.295217
157, 18:14:49:21, [5.835276170828517,6.3533194432662246,-6.331114715479911,0.1509019849005333], -493.295194
158, 18:14:49:21, [5.8391546874144815,6.37021854685756,-6.327352176091658,0.16091684512483329], -493.295148
159, 18:14:49:21, [5.837833269717188,6.364726670211675,-6.32635055070336,0.1593349686276873], -493.295491
160, 18:14:49:21, [5.83902608265561,6.370853757338082,-6.317201052761936,0.16882069122412635], -493.294415
161, 18:14:49:21, [5.83621364878529,6.3577030217841894,-6.327636299800417,0.15538166148143157], -493.295549
162, 18:14:49:22, [5.845899226162884,6.3560139714373225,-6.325378283954926,0.14942489794908909], -493.294894
163, 18:14:49:22, [5.8347297323976655,6.36250886288887,-6.3247223880822965,0.16135052894541546], -493.295512
164, 18:14:49:22, [5.840131393780949,6.359704319769278,-6.332246716547329,0.16644129767991606], -493.295228
165, 18:14:49:22, [5.83710248164025,6.361045034851585,-6.323059937923582,0.15610262642968153], -493.295510
166, 18:14:49:22, [5.829267741088407,6.365537830456294,-6.3251050369815776,0.15395665107760348], -493.295189
167, 18:14:49:22, [5.840070804158444,6.359474930922973,-6.325610922700331,0.1600853440177792], -493.295527
168, 18:14:49:22, [5.836225063773637,6.355639255012135,-6.324164223549953,0.1571251118094666], -493.295507
169, 18:14:49:22, [5.836627115259525,6.35791110881202,-6.324710805338306,0.15767757601402177], -493.295566
170, 18:14:49:22, [5.836718168660211,6.357753927352442,-6.3282802700370935,0.16114492879964248], -493.295556
171, 18:14:49:22, [5.8400851360340695,6.353912631546944,-6.328396760855778,0.15579422621102207], -493.295395
172, 18:14:49:22, [5.8360685833067665,6.360359805053388,-6.325640981275667,0.1599614532618171], -493.295582
173, 18:14:49:22, [5.832742953847452,6.357389000578047,-6.32752325552541,0.15699746576067727], -493.295520
174, 18:14:49:22, [5.838238841580695,6.358953448336742,-6.326089005906601,0.15931337445350374], -493.295577
175, 18:14:49:22, [5.83761270561831,6.359786122993107,-6.324724231478417,0.163667004783061], -493.295484
176, 18:14:49:22, [5.836563412993545,6.358223797086419,-6.326908282719917,0.15745299730683893], -493.295587
177, 18:14:49:22, [5.837030807910055,6.359970152291843,-6.323394267583152,0.15605777171844826], -493.295526
178, 18:14:49:22, [5.836796328472673,6.3583079835872915,-6.3270587694236085,0.15987313952934393], -493.295585
179, 18:14:49:22, [5.837206467917316,6.360011408219899,-6.3281377143245905,0.16062290626173004], -493.295574
180, 18:14:49:22, [5.837061629752867,6.359486333367928,-6.327280987078019,0.15988657369980297], -493.295589
181, 18:14:49:22, [5.83500613568223,6.3592355112107715,-6.327355504342004,0.1592737074453977], -493.295588
182, 18:14:49:22, [5.836645170143892,6.357267007572817,-6.328660790506108,0.15828175572887465], -493.295568
183, 18:14:49:22, [5.836212730016047,6.359586605683246,-6.326395933583277,0.15954152887858147], -493.295593
184, 18:14:49:22, [5.835625625749673,6.3599581400868885,-6.326911584437999,0.15820426413596664], -493.295595
185, 18:14:49:22, [5.835040274388174,6.360783218336685,-6.326837991945194,0.157369826439278], -493.295581
186, 18:14:49:22, [5.835389647606863,6.360909498087997,-6.327063722000733,0.16100003977303545], -493.295568
187, 18:14:49:22, [5.836269971646875,6.358895222336813,-6.326947142540121,0.15833975792338806], -493.295596
188, 18:14:49:22, [5.8375788429005,6.3597276395266675,-6.326412319477704,0.1587123548734719], -493.295590
189, 18:14:49:22, [5.835781955403679,6.35959747044888,-6.326052502941531,0.1575123792059011], -493.295589
190, 18:14:49:23, [5.836101873990977,6.3595696861786415,-6.326359623975653,0.15810592782937657], -493.295595
191, 18:14:49:23, [5.834526257801286,6.359277187616126,-6.3268948227908215,0.15838338451018452], -493.295584
192, 18:14:49:23, [5.836815696625697,6.359615026549032,-6.326532945305983,0.15863011228265006], -493.295596
193, 18:14:49:23, [5.836193853990562,6.359432431892442,-6.3269797145466,0.1570985022071092], -493.295590
194, 18:14:49:23, [5.836208011009676,6.359548062235545,-6.3265418788241075,0.1589307722107134], -493.295596
195, 18:14:49:23, [5.837072150886939,6.3588558585631265,-6.326279210884932,0.1587990209870974], -493.295591
196, 18:14:49:23, [5.83598725703399,6.359682569705948,-6.3267534910497325,0.15835295334874933], -493.295597
197, 18:14:49:23, [5.836538594167143,6.3593007542350275,-6.327028104884318,0.15902087005337387], -493.295596
198, 18:14:49:23, [5.83650480777138,6.360177984025964,-6.326481067491951,0.15912759602435522], -493.295594
199, 18:14:49:23, [5.836328680678001,6.359215912759101,-6.326830623778078,0.15853671744862985], -493.295597
200, 18:14:49:23, [5.835715574818709,6.3592586229187775,-6.327044103962136,0.15879054424808314], -493.295595
201, 18:14:49:23, [5.83654066617395,6.359525925641469,-6.326660734970021,0.15867022027400834], -493.295597
202, 18:14:49:23, [5.836489588016866,6.359314518935227,-6.327094598516966,0.1583596083516673], -493.295597
203, 18:14:49:23, [5.83613450178426,6.359568709285844,-6.326641619273079,0.15793887965815354], -493.295596
204, 18:14:49:23, [5.836437571071422,6.3593677429977316,-6.326931483481509,0.1587503724545688], -493.295597
205, 18:14:49:23, [5.83691099593613,6.359029480460817,-6.327005229323554,0.15880550591568782], -493.295595
206, 18:14:49:23, [5.836218191759524,6.359519297394665,-6.326816425618188,0.15846609149048396], -493.295597
207, 18:14:49:23, [5.836196349588955,6.359182810401892,-6.3271758307273505,0.1583861745986666], -493.295597
208, 18:14:49:23, [5.836454587027701,6.359440146831575,-6.3267895089093535,0.15859920885517292], -493.295597
209, 18:14:49:23, [5.836229927251459,6.3594570310563086,-6.326589422376598,0.15881658677276045], -493.295597
210, 18:14:49:23, [5.836424672825514,6.359350146965497,-6.326968304481874,0.15847385295694058], -493.295597
211, 18:14:49:23, [5.836438830664079,6.359622754335632,-6.326922237467383,0.15860804542995333], -493.295597
212, 18:14:49:23, [5.836493905657118,6.359826175123899,-6.326968044312034,0.15864370942061506], -493.295597
213, 18:14:49:23, [5.836330570066987,6.359598429765953,-6.326816754756891,0.15832322691170664], -493.295597
214, 18:14:49:23, [5.836357320318097,6.359540758073897,-6.326845436938045,0.15843001329742218], -493.295597
215, 18:14:49:23, [5.836264920755907,6.359576331553272,-6.326986693343391,0.15838979273222709], -493.295597
216, 18:14:49:23, [5.836214958923289,6.359779423713237,-6.3268170922016305,0.15847311851810267], -493.295597
217, 18:14:49:23, [5.836372244349958,6.359457466152431,-6.326930501411813,0.15847366934723112], -493.295597
218, 18:14:49:24, [5.836498466284496,6.359579357662951,-6.327026008962128,0.1584846689129329], -493.295597
219, 18:14:49:24, [5.836428397653252,6.359564342595879,-6.326973613126144,0.15848002455732066], -493.295597
220, 18:14:49:24, [5.836394876393502,6.359569689244709,-6.32706108573632,0.1585457527359439], -493.295597
221, 18:14:49:24, [5.836413654431205,6.359584154830115,-6.327168910135459,0.15860362245520476], -493.295597
222, 18:14:49:24, [5.8365522537744905,6.359530794611055,-6.326957025527438,0.15866395330299743], -493.295597
223, 18:14:49:24, [5.836336754010553,6.359564947317717,-6.3269792763894035,0.15845833287491967], -493.295597
224, 18:14:49:24, [5.836427185010736,6.359703400594537,-6.3270376049478125,0.15857240845183768], -493.295597
225, 18:14:49:24, [5.8363859795151525,6.359518949762958,-6.326957277295813,0.15849835412338276], -493.295597
226, 18:14:49:24, [5.83633417312215,6.359486210124999,-6.327063388806457,0.15838318671583018], -493.295597
227, 18:14:49:24, [5.836412666278597,6.359588618282974,-6.326957525302152,0.15855183075142254], -493.295597
228, 18:14:49:24, [5.836336740445651,6.359556759708299,-6.327003969235699,0.15854711068551378], -493.295597
229, 18:14:49:24, [5.83629091184185,6.359552968264509,-6.327019147290475,0.15858065374961033], -493.295597
230, 18:14:49:24, [5.836336740445651,6.359556759708299,-6.327003969235699,0.15854711068551378], -493.295597
