start_time : 2024_11_18_14:47:15
name : labopt_logs\lab_opt_2024_11\optimization__2024-11-18-14-47__dual_annealing__.txt
method : dual_annealing
args : (6, 8, -5, 2)
paras_init : array([3, 0, 4, 2])
bounds : ((-10, 10), (-10, 10), (-10, 10), (-10, 10))
max_run : 10
form : rounds, time, parameters, cost 


0, 18:14:47:16, [3,0,4,2], -319.569569
1, 18:14:47:16, [8.429103389382362,5.429103389382362,9.886200293898582,7.429103389382362], -212.874541
2, 18:14:47:16, [-3.0379527658224106,-6.037952765822411,8.912190064787865,-4.037952765822411], 40.837628
3, 18:14:47:16, [-3.0331688411533833,-6.033168841153383,8.916973989456892,-4.033168841153383], 40.706686
4, 18:14:47:16, [-4.277028411626816,-7.277028411626816,2.629287540912628,9.679144710302353], -13.895069
5, 18:14:47:16, [-2.990368790924549,-7.277028411626816,2.629287540912628,9.679144710302353], -38.752545
6, 18:14:47:16, [-2.990368790924549,1.6632995456457138,2.629287540912628,9.679144710302353], -223.331495
7, 18:14:47:16, [-2.990368790924549,1.6632995456457138,1.9785748720169067,9.679144710302353], -234.104212
8, 18:14:47:16, [-2.990368790924549,1.6632995456457138,1.9785748720169067,6.549998417496681], -281.062814
9, 18:14:47:16, [3.0,0.0,4.0,2.0], -319.569569
10, 18:14:47:16, [3.1500000000000004,0.0,4.0,2.0], -320.826267
11, 18:14:47:16, [3.0,0.00025,4.0,2.0], -319.572847
12, 18:14:47:16, [3.0,0.0,4.2,2.0], -317.121614
13, 18:14:47:16, [3.0,0.0,4.0,2.1], -319.225392
14, 18:14:47:16, [3.075,0.000125,3.8,2.05], -322.432153
15, 18:14:47:16, [3.1125000000000007,0.0001875,3.5999999999999996,2.0749999999999993], -325.098296
16, 18:14:47:16, [3.1312500000000005,0.00021875,3.8,1.9374999999999996], -323.315611
17, 18:14:47:16, [3.1968750000000004,0.000328125,3.6999999999999993,2.0062499999999996], -324.846642
18, 18:14:47:16, [3.2953125000000005,0.0001171875,3.549999999999999,2.0093749999999995], -327.548996
19, 18:14:47:16, [3.4429687500000004,5.0781250000000045e-05,3.3249999999999993,2.0140624999999996], -331.730535
20, 18:14:47:16, [3.291796875000001,0.000392578125,3.2124999999999986,2.0164062499999993], -331.790975
21, 18:14:47:16, [3.3626953125000014,0.0005888671875,2.818749999999998,2.024609374999999], -337.864272
22, 18:14:47:16, [3.426269531250001,0.00035888671875000005,2.9218749999999982,2.122460937499999], -336.642175
23, 18:14:47:16, [3.4753417968750018,0.00026489257812499994,2.6328124999999982,2.111816406249999], -341.398892
24, 18:14:47:16, [3.6145751953125025,0.00023327636718749984,2.0992187499999986,2.1645996093749993], -351.290652
25, 18:14:47:16, [3.8107543945312523,0.00042840576171874995,1.9824218749999973,2.0878662109374995], -355.510364
26, 18:14:47:16, [4.1598815917968786,0.0005488586425781249,1.1736328124999957,2.09429931640625], -373.700331
27, 18:14:47:17, [3.8387420654296918,0.0008141632080078123,1.181738281249996,2.1889221191406243], -370.093777
28, 18:14:47:17, [4.061677551269536,0.0007336959838867182,0.7147949218749958,2.113754272460937], -380.846881
29, 18:14:47:17, [4.379381561279304,0.0009211006164550773,-0.38874511718750515,2.1094009399414064], -399.173010
30, 18:14:47:17, [4.633594894409187,0.0006698322296142573,-0.7858276367187553,2.2540016174316406], -404.250481
31, 18:14:47:17, [5.269044685363781,0.0007103147506713858,-2.588116455078132,2.3686977386474615], -411.273578
32, 18:14:47:17, [5.208949756622326,0.0012639422416687003,-2.4099639892578213,2.216060447692872], -411.486184
33, 18:14:47:17, [6.006137037277238,0.0017792751789093007,-4.664555358886731,2.241790866851808], -418.304147
34, 18:14:47:17, [6.068480372428908,0.0011656113862991318,-4.4156303405761825,2.2181723117828387], -416.869673
35, 18:14:47:17, [6.701640236377738,0.0017392923235893228,-7.202156448364271,2.3747316122055073], -419.142589
36, 18:14:47:17, [7.972519558668168,0.002334509164094922,-10.0,2.5149477601051355], -376.701499
37, 18:14:47:17, [7.643269604444528,0.0017761462032794932,-9.046484184265154,2.4922953248024013], -390.482190
38, 18:14:47:17, [5.19535357207061,0.0011348620131611813,-2.553179883956917,2.205124536156655], -411.382837
39, 18:14:47:17, [6.716760923713466,0.002199205700308083,-6.829644560813919,2.1512119248509434], -421.677589
40, 18:14:47:17, [7.440619042888308,0.002943651175126432,-8.950408613681812,2.0424690179526843], -394.762491
41, 18:14:47:17, [7.551155712828065,0.0023068302813917378,-9.002813470363634,2.2878288216888936], -392.340339
42, 18:14:47:17, [5.784304107259974,0.0014278540802188204,-4.165588280558596,2.225800607539715], -415.795857
43, 18:14:47:17, [6.962205177638701,0.0020138382143340986,-7.390405073761954,2.2671527503058337], -416.212982
44, 18:14:47:17, [6.667729910044018,0.0018673421808052789,-6.584200875461115,2.256814714614304], -422.386560
45, 18:14:47:17, [6.977653681277323,0.002626946305506861,-8.224648281186834,2.2941022474784427], -407.193532
46, 18:14:47:17, [6.295773699641012,0.001530945116101064,-5.367884825728845,2.23715479570674], -421.636060
47, 18:14:47:17, [7.184815347610879,0.0018891174814925735,-8.327387996297343,2.2681656568369393], -404.320339
48, 18:14:47:17, [6.300806614860648,0.0018067357545551188,-5.580263518239384,2.2483845643480906], -422.619307
49, 18:14:47:17, [6.2888953377518355,0.0019628220522954496,-4.9788404417573595,2.0720513875545317], -419.993823
50, 18:14:47:17, [6.392081562408311,0.0019069396201189179,-5.534669443409086,2.1477214437172756], -422.355562
51, 18:14:47:17, [6.74291580587221,0.0023591665117926354,-6.896504373232906,2.1649115280585676], -421.190779
52, 18:14:47:17, [6.407559226198812,0.0017380004650239568,-5.750039712604861,2.219093978794697], -422.969638
53, 18:14:47:17, [6.167327733042429,0.0014603033099435535,-4.894942214043303,2.28479542588624], -419.218246
54, 18:14:47:17, [6.579402626045706,0.0020144801027169503,-6.345968974121265,2.1846078001097675], -423.352391
55, 18:14:47:17, [6.5856676261662805,0.0018063396314317343,-6.595567096804226,2.3067290852161544], -422.700964
56, 18:14:47:18, [6.2689881365917035,0.0018154357960586008,-5.551718775423754,2.2225929996200513], -422.674227
57, 18:14:47:18, [6.620002192640601,0.001880392243060502,-6.54138376123767,2.2181273675222446], -422.852546
58, 18:14:47:18, [6.8273276989339955,0.0019041704250579708,-7.064760996960257,2.2416861162013806], -419.535310
59, 18:14:47:18, [6.408573027177276,0.0018376194533084433,-5.92997933080788,2.2273662787653836], -423.515053
60, 18:14:47:18, [6.422100909864918,0.001928906500623192,-5.68811879258161,2.117868627379892], -422.982333
61, 18:14:47:18, [6.288815702002755,0.0018791110177757689,-5.315669643820138,2.1563409750026246], -421.629778
62, 18:14:47:18, [6.53720556998114,0.0018800719367393188,-6.234955231883287,2.2026807693923396], -423.491904
63, 18:14:47:18, [6.566081840335707,0.002092538531669995,-6.34947145209216,2.147167759028995], -423.540166
64, 18:14:47:18, [6.645343147404155,0.0022698075649930146,-6.649187321835809,2.111204649146144], -422.818097
65, 18:14:47:18, [6.623530621904996,0.001983448511594161,-6.742068701870684,2.2630426762683498], -422.219542
66, 18:14:47:18, [6.472458337874937,0.0019425420033659343,-5.951606269903879,2.1541621396020068], -423.500590
67, 18:14:47:18, [6.412756761638825,0.0018619058598248954,-5.887037168222339,2.181080673284595], -423.513334
68, 18:14:47:18, [6.392729413532232,0.0019872309873453153,-5.82409187862984,2.1522076559481502], -423.494695
69, 18:14:47:18, [6.428848452644459,0.001960441224693816,-5.926807716943202,2.1648259343091976], -423.604664
70, 18:14:47:18, [6.435671703023195,0.0019337105313826403,-6.095041564128913,2.206058183092078], -423.814697
71, 18:14:47:18, [6.417278385597326,0.0019292947953909929,-6.1667592112414304,2.2320062048371136], -423.921350
72, 18:14:47:18, [6.4976340912385595,0.0020480411427067284,-6.299471687319997,2.20460241518575], -423.717032
73, 18:14:47:18, [6.54634835773075,0.0021775383939223233,-6.441275702990515,2.1469348779151445], -423.599839
74, 18:14:47:18, [6.378972803269841,0.001965119246686935,-6.067685707155413,2.227016957094608], -423.952763
75, 18:14:47:18, [6.2854182847369096,0.0019014096041954053,-5.92679283468704,2.2669415561274144], -423.878182
76, 18:14:47:18, [6.315018508644343,0.0017739098108169125,-5.789086458339506,2.26729087779819], -423.345044
77, 18:14:47:18, [6.488515895459148,0.0020766312481459706,-6.278228391827763,2.177023877885906], -423.838706
78, 18:14:47:18, [6.462352135137978,0.0020491019917714976,-6.4792647818291,2.2554987931924915], -423.657492
79, 18:14:47:18, [6.453976214514599,0.002026936800002077,-6.341150515607625,2.2328305784716678], -423.846355
80, 18:14:47:18, [6.371737558181897,0.00195094990240626,-6.12744022559612,2.229836393958897], -424.070708
81, 18:14:47:18, [6.308789291653564,0.0019024042822560257,-6.04142449473418,2.2424533833454703], -424.131222
82, 18:14:47:18, [6.290992452058518,0.001835246314022045,-6.030281572541562,2.2901296839885235], -424.041488
83, 18:14:47:18, [6.2440402517750275,0.0017890955191759224,-5.811924977228667,2.2629725361611897], -423.677923
84, 18:14:47:19, [6.401492223829706,0.0019674764797955385,-6.208844131012885,2.2403660678940485], -424.008853
85, 18:14:47:19, [6.272844999808489,0.0019058283659892793,-6.007358741480589,2.267976841324211], -424.115578
86, 18:14:47:19, [6.258086680405297,0.0018403584743445088,-6.076268762729195,2.293446031181518], -424.231988
87, 18:14:47:19, [6.197643618973025,0.0017779780881732954,-6.080560290516088,2.3266605682249732], -424.337534
88, 18:14:47:19, [6.133642957417091,0.0017432520454247844,-5.870968418623324,2.3232441705475404], -424.010631
89, 18:14:47:19, [6.200605274020244,0.0017993081540174732,-5.955437346720714,2.3025246448841674], -424.124693
90, 18:14:47:19, [6.198949140169145,0.0018575131311959914,-6.012108864184223,2.2796780349008876], -424.323265
91, 18:14:47:19, [6.1801486625995,0.0017627734618321134,-6.037406756597013,2.3076814743535383], -424.353179
92, 18:14:47:19, [6.133800493995004,0.0016912460097535309,-6.0524307641552255,2.327533790868202], -424.447824
93, 18:14:47:19, [6.218985998375125,0.0018152626016719486,-6.137824860074144,2.2856382437855993], -424.470002
94, 18:14:47:19, [6.228176360552567,0.0018232398254991863,-6.2290186167508566,2.277195043236315], -424.558845
95, 18:14:47:19, [6.070495515191306,0.0016725842450549763,-6.145634773069018,2.3630803352697187], -424.643100
96, 18:14:47:19, [5.951348626960176,0.0015576742264544518,-6.197739912236436,2.4233938112318434], -424.728595
97, 18:14:47:19, [6.056535410071241,0.0015675559437442407,-6.267765927645081,2.397713571879779], -424.692775
98, 18:14:47:19, [5.987286826816469,0.0015418799145524094,-6.292917319877711,2.386257540383096], -424.828857
99, 18:14:47:19, [5.882108430738192,0.0014238308277419662,-6.399095834558523,2.416056026462158], -424.828357
100, 18:14:47:19, [5.977873118205222,0.0015539289453716135,-6.441290124099817,2.414746192497315], -424.731879
101, 18:14:47:19, [5.758345630473986,0.0012872796895621714,-6.370838025178665,2.533860514759702], -424.594603
102, 18:14:47:19, [5.875803312993632,0.0014212697235464252,-6.335383173071714,2.4696941468788554], -424.738916
103, 18:14:47:19, [5.839620532416507,0.0014698204612182092,-6.365899336997759,2.449332273615776], -424.781071
104, 18:14:47:19, [5.8889432682557405,0.001435775295889877,-6.520005064787064,2.4366212654556776], -424.660921
105, 18:14:47:19, [5.935747287284067,0.001527199493813308,-6.278306200374093,2.426700674787802], -424.786462
106, 18:14:47:19, [5.841355861550115,0.0014261558511935624,-6.19496289106082,2.45124612533545], -424.718874
107, 18:14:47:19, [5.943743804041445,0.0015219856718271007,-6.379708315840068,2.4238711757068487], -424.784193
108, 18:14:47:19, [5.977395912285612,0.0016091730471590885,-6.323032413473102,2.3733866853679055], -424.875117
109, 18:14:47:19, [6.028192211931604,0.0017031247089654197,-6.316857033673795,2.3252329546124306], -424.925461
110, 18:14:47:19, [6.107864532620285,0.00167727443336091,-6.267995097885074,2.331698899129313], -424.750650
111, 18:14:47:19, [5.906681532467452,0.0015216839542538845,-6.341423277219588,2.41992392999416], -424.828495
112, 18:14:47:20, [5.98521012520835,0.0016249583639654102,-6.235043599732526,2.3551863741818955], -424.878554
113, 18:14:47:20, [6.017938060927871,0.001668623977055254,-6.314814414877716,2.316599724797989], -424.961852
114, 18:14:47:20, [6.0590334477497745,0.001739336218676227,-6.33306852212953,2.261549249803082], -425.042912
115, 18:14:47:20, [6.123179773385646,0.001782965648825849,-6.247519960487191,2.244189129496091], -424.939735
116, 18:14:47:20, [6.1105209523212185,0.0018833125556640433,-6.273327238133811,2.206821313663653], -425.088834
117, 18:14:47:20, [6.1721380150735925,0.00205402887621986,-6.263532197261863,2.117103200303932], -425.216267
118, 18:14:47:20, [6.206061598861958,0.0020147693623782676,-6.345445257043664,2.1188508929258725], -425.130041
119, 18:14:47:20, [6.252014205603881,0.0020924253440846824,-6.27792593478733,2.0456132816520576], -425.227997
120, 18:14:47:20, [6.363925202440022,0.0022870756616443135,-6.258460385344097,1.9058034451718715], -425.326496
121, 18:14:47:20, [6.2773993586770285,0.0022646394106334853,-6.352733220402387,1.9574642646062874], -425.468209
122, 18:14:47:20, [6.35450915132272,0.0025054762915373034,-6.405339850359983,1.814101832161385], -425.722985
123, 18:14:47:20, [6.4892835360993715,0.0026913388772136456,-6.303320322875274,1.7163804354784489], -425.553831
124, 18:14:47:20, [6.483866353605895,0.002754190490929294,-6.269881120876944,1.6578435636319462], -425.821100
125, 18:14:47:20, [6.622768730977862,0.003123901055204807,-6.232099052793583,1.4273398989849833], -426.088951
126, 18:14:47:20, [6.743105295346396,0.0032498670665801746,-6.336077608424604,1.3147096055944125], -425.896385
127, 18:14:47:20, [6.7409081544331535,0.003498215983623651,-6.379958031882623,1.2304624409377434], -426.276542
128, 18:14:47:20, [6.929399630429721,0.0041037861446133195,-6.440706855151888,0.8927919388206789], -426.334079
129, 18:14:47:20, [6.835607867938977,0.003800176401754156,-6.403791360489755,1.008091202302281], -426.578864
130, 18:14:47:20, [7.008770033858781,0.0043545951640244105,-6.454026879296997,0.6539465857141966], -426.512558
131, 18:14:47:20, [7.210931611023758,0.004633389042538926,-6.300997588069933,0.5073644906897927], -425.309316
132, 18:14:47:20, [6.568614766247979,0.003037454479287709,-6.3792542847874705,1.487417496793487], -426.142672
133, 18:14:47:20, [6.735090202450873,0.0037827919738498217,-6.391848168186744,1.0931106628563025], -426.902844
134, 18:14:47:20, [6.73108265600311,0.004049254427484645,-6.419733448067813,0.9823111914872475], -427.367017
135, 18:14:47:20, [6.909583729332031,0.004371434671365108,-6.589643921454881,0.757966015716864], -426.737224
136, 18:14:47:20, [7.1342221756039415,0.005124871343320906,-6.547683507794699,0.3331626773700487], -426.049350
137, 18:14:47:20, [6.71001661858697,0.003559308695296008,-6.421361590539277,1.1988537919376274], -426.587805
138, 18:14:47:20, [6.663745805500824,0.00378630095333664,-6.476558305123977,1.080819161901331], -427.325984
139, 18:14:47:20, [6.67160653677249,0.004082972971987044,-6.5498572721032176,1.001883878219254], -427.501487
140, 18:14:47:21, [6.589605871189246,0.004224371257103488,-6.622890227909949,0.9987802161777406], -427.843385
141, 18:14:47:21, [6.736992412425636,0.004656371959348932,-6.633051360739032,0.7110845007039641], -427.971282
142, 18:14:47:21, [6.750480309344969,0.005204903591375395,-6.738896245838909,0.4671998550871326], -428.205506
143, 18:14:47:21, [6.457873591687044,0.004260980443284976,-6.5393951920154425,1.006589196609862], -428.647689
144, 18:14:47:21, [6.23201852286455,0.004205753329244909,-6.5142708272957215,1.130900787056361], -429.049050
145, 18:14:47:21, [6.4878478742001136,0.005055840349267577,-6.671337069432219,0.7087768630029099], -429.294729
146, 18:14:47:21, [6.399898908549758,0.005690610047233046,-6.768726451586339,0.5227557135536993], -429.896472
147, 18:14:47:21, [6.254919149971151,0.005613564684993773,-6.902658428247646,0.5775070944502192], -429.782419
148, 18:14:47:21, [6.229052574175968,0.0061330445693200735,-6.839385748574358,0.35040150889596555], -430.561967
149, 18:14:47:21, [6.048775925669329,0.0070873812254283654,-6.947633508906563,0.02621215525507825], -430.581064
150, 18:14:47:21, [5.717325944182425,0.0060937510520746516,-6.827748362179227,0.6614880200705464], -430.514582
151, 18:14:47:21, [5.978441441321781,0.008036900175620008,-7.209112548164168,-0.2369192953915894], -428.651981
152, 18:14:47:21, [6.168624252478858,0.0051635400408386834,-6.687981257512833,0.7889457664443734], -430.196190
153, 18:14:47:21, [5.912393365469034,0.0064040764977936,-6.713386361844835,0.42219373321162945], -431.488755
154, 18:14:47:21, [5.741130473217975,0.006799332404193514,-6.618750328643429,0.3445370525923346], -431.838700
155, 18:14:47:21, [5.4380293892245355,0.006881392314034561,-6.772330277034687,0.38783578362746707], -430.748725
156, 18:14:47:21, [5.304006613668274,0.008267388457026861,-6.895249980869119,-0.07890926067166026], -429.761439
157, 18:14:47:21, [5.952469842776212,0.005939502144885728,-6.7397984383519045,0.5719820096653649], -431.064494
158, 18:14:47:21, [5.8728768712615995,0.007260052992196432,-6.711507914289065,0.0037954804995760094], -431.662624
159, 18:14:47:21, [5.4534773625708315,0.006352758702226751,-6.47355997025298,0.6278630079372931], -430.970369
160, 18:14:47:21, [6.071947885688772,0.006294430807716652,-6.499478048734002,0.3862529917198172], -431.805030
161, 18:14:47:21, [6.365735173901447,0.006793900472269411,-6.81120739475622,0.025420759301253204], -430.252897
162, 18:14:47:21, [5.681541815403485,0.006463044144737416,-6.55797182637879,0.47725244577828313], -431.688336
163, 18:14:47:21, [5.731278680009703,0.007468928029536279,-6.454055620670738,0.0339369756296406], -432.161830
164, 18:14:47:21, [5.620683098626447,0.008233640971861557,-6.311184211830156,-0.23508554138822157], -431.588038
165, 18:14:47:21, [5.740072555898369,0.0062528147008955,-6.353619997924415,0.6171942523604618], -431.622276
166, 18:14:47:21, [5.839675792420792,0.007008243419371199,-6.622035935197903,0.15714517346479745], -431.982690
167, 18:14:47:21, [6.010474600265137,0.007322423185671405,-6.539188140244246,-0.01631634907498819], -431.920944
168, 18:14:47:21, [5.589331887268031,0.008005032711669545,-6.617536963644156,-0.12660156541392498], -431.474892
169, 18:14:47:22, [5.951293886083587,0.006722081283704875,-6.52899277746154,0.25803935243638165], -432.070740
170, 18:14:47:22, [6.025231006171635,0.007461505554948365,-6.453385908143785,-0.12813447636441883], -431.827710
171, 18:14:47:22, [5.81215560645639,0.006964875691882227,-6.577409223518519,0.22636917035314624], -432.058042
172, 18:14:47:22, [5.656727382220098,0.006759641026575884,-6.552058638180105,0.35406168501697116], -431.866053
173, 18:14:47:22, [5.922037795753877,0.007181727645897525,-6.54240576472821,0.07627815944800165], -432.088374
174, 18:14:47:22, [5.868707191730985,0.007160562906139255,-6.429395757991601,0.14016665546878765], -432.271459
175, 18:14:47:22, [5.883222891386083,0.007236722649523282,-6.333075669388451,0.13167739647078275], -432.305622
176, 18:14:47:22, [5.931761020160236,0.007339854112448756,-6.351855692605952,0.02359677163925708], -432.216808
177, 18:14:47:22, [5.782856307571363,0.007891534934998046,-6.311703596235136,-0.12529470084254063], -432.028774
178, 18:14:47:22, [5.90918449145553,0.007014444696528168,-6.47467048215494,0.1622058391166511], -432.210936
179, 18:14:47:22, [5.805685745751898,0.007348247098120717,-6.2644229676818295,0.0994303319801641], -432.288441
180, 18:14:47:22, [6.0336483943671695,0.007000706248774181,-6.257956785244849,0.17451819397378693], -432.140694
181, 18:14:47:22, [5.80687110859907,0.007351872584345755,-6.405030911814266,0.06908228021567718], -432.264887
182, 18:14:47:22, [5.804585891493115,0.007623903525691086,-6.202522138590309,-0.000312448963710521], -432.174242
183, 18:14:47:22, [5.8830348414649265,0.007166809403818898,-6.406633396263782,0.12157626709656069], -432.279062
184, 18:14:47:22, [5.757646273440754,0.00721197175545557,-6.352725779968212,0.18728636624233527], -432.286684
185, 18:14:47:22, [5.8579237674227596,0.007130002869113479,-6.273397994836871,0.2009029006792442], -432.297210
186, 18:14:47:22, [5.769204497535821,0.007296662782287626,-6.2051778096738985,0.1880722305897025], -432.242883
187, 18:14:47:22, [5.85457725548265,0.00719927274843608,-6.356269499616311,0.13820025796984614], -432.310593
188, 18:14:47:22, [5.94305855658094,0.007245150927141207,-6.260857285793518,0.09781907730768333], -432.243049
189, 18:14:47:22, [5.803999344225801,0.007220266548376979,-6.329758656424539,0.1649195440086723], -432.312443
190, 18:14:47:22, [5.8941758835067475,0.007044885309604192,-6.381827942451256,0.21841971758410855], -432.277986
191, 18:14:47:22, [5.82780828019061,0.007272406650991586,-6.293774211374187,0.1291776783811502], -432.310194
192, 18:14:47:22, [5.826880118219812,0.007334331429550485,-6.383041023564874,0.08108453773598145], -432.285702
193, 18:14:47:22, [5.850162855122022,0.0071810850092227305,-6.300808752018872,0.17094830994342852], -432.312472
194, 18:14:47:22, [5.785050976124458,0.007199792828990406,-6.307229890328502,0.16994549868076586], -432.304130
195, 18:14:47:22, [5.858679912570677,0.007227490194390063,-6.326614224623464,0.14124442202327853], -432.313866
196, 18:14:47:23, [5.855901403509965,0.00714165059922134,-6.3629513549674055,0.1784785885914625], -432.308091
197, 18:14:47:23, [5.834831561020449,0.007239717638049025,-6.311068497272491,0.14150290593372827], -432.315114
198, 18:14:47:23, [5.819259580986825,0.007235006946583317,-6.277855565553373,0.17110733298470765], -432.306427
199, 18:14:47:23, [5.845747836858694,0.007208206297972889,-6.336666016100576,0.1464270267235615], -432.315428
200, 18:14:47:23, [5.890711738560121,0.007207983021440375,-6.307820088583163,0.1351417883033261], -432.301595
201, 18:14:47:23, [5.825677442809381,0.007217195666642828,-6.324274014464194,0.15747510508233575], -432.316263
202, 18:14:47:23, [5.832305521507578,0.007265219889304671,-6.3485026242114895,0.1223764199380235], -432.311146
203, 18:14:47:23, [5.845698521718411,0.007202118729243216,-6.312732220067026,0.15880533744207725], -432.315450
204, 18:14:47:23, [5.817297768632789,0.007206128971563915,-6.31575614932868,0.16086076556757284], -432.314673
205, 18:14:47:23, [5.827643304617262,0.007211469277270451,-6.318470668152375,0.15595667968149926], -432.316081
206, 18:14:47:23, [5.837551991981426,0.007179777347515666,-6.335002962119595,0.1678291685310086], -432.315724
207, 18:14:47:23, [5.822537793704546,0.007197074212363189,-6.30857391630102,0.17360611864489894], -432.313716
208, 18:14:47:23, [5.839945326070157,0.007205423276570464,-6.329642991150687,0.15322179970389588], -432.316417
209, 18:14:47:23, [5.819710511020702,0.0072048140547564905,-6.340963097876399,0.15843603905729248], -432.314757
210, 18:14:47:23, [5.839201519043984,0.007202792560621535,-6.319789939519369,0.15871301284588107], -432.316335
211, 18:14:47:23, [5.828681804288964,0.007238663043036973,-6.311085844523718,0.1448541301257974], -432.315227
212, 18:14:47:23, [5.835334445058311,0.007194498771395993,-6.329023682720626,0.1620854089297058], -432.316389
213, 18:14:47:23, [5.842436061873655,0.007198485860344958,-6.332894645775064,0.15979098359941], -432.316218
214, 18:14:47:23, [5.838737872559557,0.0072017317145763315,-6.3292886513693905,0.15883240761993228], -432.316501
215, 18:14:47:23, [5.850932138556624,0.0071850274949393335,-6.329598617915842,0.15895120946737173], -432.315447
216, 18:14:47:23, [5.831991116746192,0.007209153623716954,-6.325605165327106,0.15784413117859475], -432.316558
217, 18:14:47:23, [5.833802861173124,0.007202611132508337,-6.336990305764536,0.15727886087018328], -432.316154
218, 18:14:47:23, [5.837851854576269,0.007202747203593235,-6.324090031080661,0.15835447485195664], -432.316518
219, 18:14:47:23, [5.838928639917776,0.0072150291378325,-6.325289736743295,0.15204099774748397], -432.316537
220, 18:14:47:23, [5.833809415829738,0.007208907563289047,-6.322493801109539,0.16031420599508794], -432.316529
221, 18:14:47:23, [5.832552640975429,0.007216187049639536,-6.319450715760912,0.1554444972666294], -432.316435
222, 18:14:47:23, [5.8371915646635255,0.007205345548342132,-6.32682916746727,0.15798543003160656], -432.316588
223, 18:14:47:23, [5.833108514002347,0.007216470732997082,-6.326018904242944,0.15573790762442996], -432.316665
224, 18:14:47:24, [5.830736843715384,0.007223332497699006,-6.326983340824087,0.15442962401066662], -432.316644
225, 18:14:47:24, [5.836800501835181,0.0072140919581552875,-6.329377685780768,0.15149002729596972], -432.316515
226, 18:14:47:24, [5.834557187331098,0.007210203662005607,-6.3242147722773465,0.1581081613203084], -432.316614
227, 18:14:47:24, [5.829495551453804,0.0072055576456983884,-6.326044267914037,0.16279681732998585], -432.316345
228, 18:14:47:24, [5.836570367801783,0.007212661264798972,-6.325478369535981,0.15472995264310946], -432.316629
229, 18:14:47:24, [5.838722700153184,0.007213186980354941,-6.325665441434666,0.15543659463113246], -432.316632
230, 18:14:47:24, [5.834287819980682,0.007220915771736168,-6.323859576278197,0.1540208780778836], -432.316673
231, 18:14:47:24, [5.832835947639261,0.007228700883433185,-6.32237478068366,0.1520386021010221], -432.316626
232, 18:14:47:24, [5.8367875136378995,0.0072214137129379755,-6.326296373468549,0.15185450516796936], -432.316647
233, 18:14:47:24, [5.834882906085274,0.007223332334214111,-6.325441778176197,0.15379499010759823], -432.316733
234, 18:14:47:24, [5.834039175227021,0.0072286678689216805,-6.325423482496305,0.15332750883984259], -432.316774
235, 18:14:47:24, [5.83038881127079,0.007230547062941512,-6.325133726808332,0.15203380522393029], -432.316624
236, 18:14:47:24, [5.836639227932586,0.007217527001001584,-6.325532512778082,0.15458589727933192], -432.316689
237, 18:14:47:24, [5.832249854933417,0.007220376974390281,-6.324120864429214,0.15698159074277465], -432.316683
238, 18:14:47:24, [5.835499525034504,0.007227273075027775,-6.323449313747957,0.15372002984548638], -432.316750
239, 18:14:47:24, [5.834926071583082,0.0072260066879344925,-6.3254035104475825,0.15528663527583417], -432.316808
240, 18:14:47:24, [5.835245197384282,0.007228552146033653,-6.326175477532274,0.15591951387480946], -432.316864
241, 18:14:47:24, [5.83846170785578,0.007230633071102065,-6.326169528848095,0.1517948841769605], -432.316746
242, 18:14:47:24, [5.8349835748182075,0.007240036079541004,-6.325076388534233,0.15279507108921753], -432.316912
243, 18:14:47:24, [5.83415574826102,0.007251290618810715,-6.324848326412308,0.15189965799416033], -432.317006
244, 18:14:47:24, [5.831008115097633,0.0072372587832948455,-6.323778771246327,0.15563847110018889], -432.316829
245, 18:14:47:24, [5.831724592950475,0.007245611633502673,-6.326663715095651,0.15467254605901426], -432.316982
246, 18:14:47:24, [5.8320276516196845,0.007252688721899263,-6.325309662646976,0.1557375856742439], -432.317099
247, 18:14:47:24, [5.831021889816018,0.007264699148388055,-6.325252752722314,0.15694262409144455], -432.317235
248, 18:14:47:24, [5.835065599108264,0.007257817990072702,-6.327691364634947,0.1540786999095254], -432.317201
249, 18:14:47:24, [5.830738717683607,0.00728115754935342,-6.3260526019003365,0.15287725015226278], -432.317345
250, 18:14:47:24, [5.828485477833269,0.007307460251013302,-6.325991164084368,0.15135611829098944], -432.317501
251, 18:14:47:24, [5.83263976455881,0.007295022370639713,-6.3252280888313175,0.15246600408404565], -432.317572
252, 18:14:47:24, [5.833097350362978,0.007319727739208234,-6.324510275699149,0.15136273309656134], -432.317846
253, 18:14:47:25, [5.829679410299244,0.007323561945530431,-6.326874452158082,0.15497042970010005], -432.317916
254, 18:14:47:25, [5.827441241318358,0.007359697608890291,-6.3278875150309695,0.15650581555306992], -432.318275
255, 18:14:47:25, [5.8249573805570485,0.007367974383677239,-6.324129489133452,0.1540049456065072], -432.318099
256, 18:14:47:25, [5.825968835219808,0.007412730843006478,-6.326006469251654,0.14967218218211942], -432.318601
257, 18:14:47:25, [5.823442307921702,0.007486746690315689,-6.326383327516325,0.14603696122745685], -432.319071
258, 18:14:47:25, [5.825983662246774,0.007459612960032424,-6.325464139605579,0.15259910945080823], -432.319356
259, 18:14:47:25, [5.824732754453528,0.007535689314541984,-6.325200627366186,0.15322060503071766], -432.320261
260, 18:14:47:25, [5.81718949176234,0.007555326259504367,-6.327290203824317,0.1535214306123145], -432.319612
261, 18:14:47:25, [5.8214455171709165,0.007600755552948927,-6.329251347735448,0.15063746060527225], -432.320639
262, 18:14:47:25, [5.81968958547785,0.007717146137584771,-6.3318122770364464,0.1489537181046548], -432.321770
263, 18:14:47:25, [5.815085828489352,0.007787756592083115,-6.327455702840668,0.14436054193450198], -432.321710
264, 18:14:47:25, [5.8149065221698315,0.00781121246154143,-6.329496078017485,0.1539911866136376], -432.322575
265, 18:14:47:25, [5.810638629293898,0.007973445347154301,-6.3310524532680645,0.15796829930672796], -432.323920
266, 18:14:47:25, [5.8178839070949735,0.007951692436177719,-6.3304703264313655,0.14873015157598668], -432.324606
267, 18:14:47:25, [5.818231114761289,0.008149875524514395,-6.332060387734888,0.14633451205782277], -432.327014
268, 18:14:47:25, [5.807089824557666,0.008278422486126306,-6.335989783073845,0.14558793067113607], -432.326314
269, 18:14:47:25, [5.812738748555999,0.008271688155606773,-6.338001747715955,0.15506168813566878], -432.327799
270, 18:14:47:25, [5.811565208589322,0.008513653937368602,-6.343274770153599,0.16041226123625218], -432.330226
271, 18:14:47:25, [5.804072803123237,0.00874055250999703,-6.339376420078752,0.1561977835313147], -432.331885
272, 18:14:47:25, [5.796264411945931,0.009252255696203159,-6.343158491599905,0.15981981624464464], -432.335916
273, 18:14:47:25, [5.805936650633207,0.009123658474951932,-6.346189263013054,0.1481089607981999], -432.336202
274, 18:14:47:25, [5.803585661302861,0.009698765038850747,-6.353757667885549,0.14317929154393588], -432.341388
275, 18:14:47:25, [5.807733373742035,0.009528852612342147,-6.350135875613125,0.15928500987019167], -432.341659
276, 18:14:47:25, [5.808055148334219,0.010154067675450067,-6.357208921882766,0.16613354946971948], -432.348293
277, 18:14:47:25, [5.791504100324877,0.010659495649421893,-6.366639538026021,0.16843794718945332], -432.347457
278, 18:14:47:25, [5.788139452364623,0.011368638092594328,-6.367107539543522,0.1583730409876245], -432.355636
279, 18:14:47:25, [5.776426574252273,0.012796130170207191,-6.379023924238481,0.15735343086331066], -432.365067
280, 18:14:47:25, [5.793521330161184,0.012401973570761792,-6.385156534416504,0.15773229328856503], -432.364441
281, 18:14:47:25, [5.781167915233414,0.013307068494069728,-6.390256791396336,0.18164931886158836], -432.367282
282, 18:14:47:26, [5.769959042198693,0.015111220221679218,-6.408506353151729,0.2008843325204146], -432.371214
283, 18:14:47:26, [5.782476947148307,0.014572200169627243,-6.398308328818718,0.17261385588155154], -432.381390
284, 18:14:47:26, [5.777963370560023,0.01652855242972992,-6.414142724215068,0.17470181022760067], -432.395186
285, 18:14:47:26, [5.750880010251867,0.018264870520738996,-6.436205846128125,0.17920238398022603], -432.385318
286, 18:14:47:26, [5.744093168470245,0.01894841310041587,-6.433782889450198,0.19833868550721095], -432.387467
287, 18:14:47:26, [5.745021221488141,0.021630397966074806,-6.46729498223408,0.21921017525441544], -432.384732
288, 18:14:47:26, [5.739019843186446,0.022574896786800573,-6.467206867862007,0.18484219496431192], -432.402476
289, 18:14:47:26, [5.723550243680322,0.02630673506936125,-6.496557125217144,0.17682112618626056], -432.404510
290, 18:14:47:26, [5.753222174993088,0.01839388759404821,-6.423049310271189,0.14532182769623364], -432.399562
291, 18:14:47:26, [5.748534468599972,0.02182392357603863,-6.447560178448676,0.16838934082842688], -432.421126
292, 18:14:47:26, [5.747361697774025,0.023603450103688445,-6.453237344608951,0.16298281925252733], -432.438315
293, 18:14:47:26, [5.7569555750334835,0.023467899497998043,-6.459710362705978,0.13157510617410012], -432.434295
294, 18:14:47:26, [5.712581475180436,0.029357433702818056,-6.502134347186562,0.13364862942696015], -432.425237
295, 18:14:47:26, [5.717002320841045,0.03297387159288469,-6.532770279588128,0.15719201282369044], -432.433839
296, 18:14:47:26, [5.743400290734172,0.028394592379333367,-6.477369041827664,0.11587815765237847], -432.466006
297, 18:14:47:26, [5.753325314261097,0.02943852103431943,-6.467775000132924,0.08540667338543739], -432.484935
298, 18:14:47:26, [5.774740978774389,0.02538443741162725,-6.454612146331428,0.13492967639091752], -432.474706
299, 18:14:47:26, [5.799189462080452,0.017973282430931894,-6.384897147301512,0.10025512477780074], -432.427222
300, 18:14:47:26, [5.737549106150897,0.02922372430239649,-6.495801996516474,0.14295779081221802], -432.455291
301, 18:14:47:26, [5.749532973446721,0.030357166928017768,-6.47600288108891,0.13156337374645], -432.501005
302, 18:14:47:26, [5.745821672653339,0.03380180064302763,-6.484149140280376,0.13155750753262496], -432.533299
303, 18:14:47:26, [5.758356838145836,0.03532079159199695,-6.49793179702165,0.0844430048080716], -432.527841
304, 18:14:47:26, [5.778573295766433,0.032749051038089144,-6.456432045366715,0.07521064024630772], -432.547906
305, 18:14:47:26, [5.799085390574202,0.03451171440593548,-6.436747069791837,0.0413370649633526], -432.572608
306, 18:14:47:26, [5.753553629042848,0.04115197642601249,-6.488689357281967,0.03644244895382576], -432.578664
307, 18:14:47:26, [5.742959954177078,0.0490357459332051,-6.505727962757234,-0.012801164764720152], -432.599414
308, 18:14:47:26, [5.76978661351413,0.04689650525276315,-6.494502984792625,0.03686153288422711], -432.654967
309, 18:14:47:26, [5.778017263140647,0.05562549736198501,-6.507866977122475,0.01258896263362197], -432.729975
310, 18:14:47:27, [5.7745853021267965,0.05116658758007966,-6.46931377795431,0.0018981803743680914], -432.707468
311, 18:14:47:27, [5.801502282356024,0.06136797199757498,-6.475678753532552,-0.11004598592931371], -432.671344
312, 18:14:47:27, [5.749447010326071,0.07408618703048689,-6.542546665891448,-0.0955170688063745], -432.741229
313, 18:14:47:27, [5.724627820202006,0.09387342334276261,-6.595446463941254,-0.16394413569123806], -432.728859
314, 18:14:47:27, [5.808815974797692,0.07208737605185817,-6.491975124493159,-0.08273679109912893], -432.839104
315, 18:14:47:27, [5.841743985108,0.0836131911111847,-6.485098705361121,-0.11770460426633333], -432.930294
316, 18:14:47:27, [5.770394497994731,0.07087775954429312,-6.5267343096321255,0.010678720896954819], -432.889978
317, 18:14:47:27, [5.795216076157928,0.0909347299438952,-6.561809551049274,-0.09687517514543362], -432.940045
318, 18:14:47:27, [5.8055314631734944,0.11081880112580299,-6.608057437596756,-0.14626185290533447], -432.998398
319, 18:14:47:27, [5.805541215160503,0.11407247204389882,-6.573351582118249,-0.1869913651741657], -433.012606
320, 18:14:47:27, [5.81930319117043,0.14329595938485576,-6.606093884616136,-0.28678152907805954], -433.016051
321, 18:14:47:27, [5.869039558397256,0.13021666855258138,-6.570445502711621,-0.17451756387001177], -433.246093
322, 18:14:47:27, [5.928835832432849,0.15828190931362862,-6.5843949211217065,-0.2140178114018304], -433.427320
323, 18:14:47:27, [5.927312737947656,0.1771271709234429,-6.6150881647157345,-0.3930616197227337], -432.975358
324, 18:14:47:27, [5.898747627254215,0.2111487292626804,-6.721718498664046,-0.4023568022876457], -433.072634
325, 18:14:47:27, [5.79889631906784,0.134645528620041,-6.645044206283588,-0.13164737811370142], -433.234358
326, 18:14:47:27, [5.9173600217891735,0.2128672621647999,-6.670568317745982,-0.37113990753528403], -433.355937
327, 18:14:47:27, [5.9526167091016084,0.21517575529571917,-6.704769087291524,-0.27279942059117124], -433.610801
328, 18:14:47:27, [6.0192734680671975,0.25111565325115087,-6.754106688629218,-0.2658083663477271], -433.812847
329, 18:14:47:27, [5.933435193424316,0.1673064474121298,-6.605338568226202,-0.08894992941162577], -433.769578
330, 18:14:47:27, [6.100555938788929,0.2601401074508136,-6.662160041577966,-0.3383106292345322], -433.795999
331, 18:14:47:27, [6.073690194567472,0.20555479654906156,-6.632431792031564,-0.0824034606625737], -433.985816
332, 18:14:47:27, [6.151855280956621,0.20189856374119242,-6.613363529174357,0.06196476277378149], -433.988056
333, 18:14:47:27, [6.173724108185683,0.2819484766140147,-6.733089492682165,-0.10153426970822144], -434.321999
334, 18:14:47:27, [6.2961682460620985,0.3437817602642077,-6.807436778462396,-0.04529249886141695], -434.459400
335, 18:14:47:27, [6.350491273513107,0.3611615949415525,-6.813194950695767,-0.20477343642332163], -434.095402
336, 18:14:47:27, [6.308338195510583,0.3188386786482381,-6.831890931902903,0.11135585980519011], -434.187256
337, 18:14:47:27, [6.534153029954007,0.3617246455464445,-6.7788364064884945,0.22743570999484358], -433.844092
338, 18:14:47:27, [6.405433139482305,0.3340723974726211,-6.772653977023674,0.10412469090920093], -434.184540
339, 18:14:47:28, [6.528360146327426,0.4770286519221173,-6.999224789868013,-0.07925745505895526], -433.918036
340, 18:14:47:28, [6.245981497299322,0.27068108578642364,-6.709828844347771,0.026659208315597302], -434.234254
341, 18:14:47:28, [6.277469265664047,0.2725253661441928,-6.747710315172604,0.30319706650760736], -434.024349
342, 18:14:47:28, [6.332235771550842,0.33900253774221256,-6.796823791814976,-0.0777808106905894], -434.263506
343, 18:14:47:28, [6.185928715729117,0.30207963374792,-6.80033619624035,-0.0966538116248104], -434.291955
344, 18:14:47:28, [6.221818919810106,0.3089338301221438,-6.725321873529843,-0.20788981623579983], -434.269065
345, 18:14:47:28, [6.27209432927676,0.37621779515181847,-6.855130475676012,-0.24046767702190558], -434.276696
346, 18:14:47:28, [6.155769333888198,0.32650397190083247,-6.797288870139324,-0.21737109118137699], -434.374698
347, 18:14:47:28, [6.2331613926679825,0.36535775041024554,-6.904774286729198,-0.09200272310895513], -434.421794
348, 18:14:47:28, [6.163419514896939,0.2926437630097844,-6.799787590109621,0.014807614633625843], -434.406453
349, 18:14:47:28, [6.2383305280284915,0.362063989044615,-6.854307566479919,-0.07327553763425121], -434.621210
350, 18:14:47:28, [6.264531434178178,0.3920561666929625,-6.881293251599704,-0.06158640063897158], -434.759912
351, 18:14:47:28, [6.322870960014399,0.3704157482877676,-6.899357083311134,0.12533408719351807], -434.410715
352, 18:14:47:28, [6.394946501564389,0.44316194981780727,-6.946643109941594,-0.05158138234153864], -434.511549
353, 18:14:47:28, [6.271532827221925,0.40176306530484396,-6.870716630055313,-0.25056558966895925], -434.452763
354, 18:14:47:28, [6.380428111845314,0.4250237206296651,-6.848270598300305,-0.11251021264648808], -434.720849
355, 18:14:47:28, [6.396504319603064,0.40024873339747735,-6.871105239096687,0.11508034242475162], -434.552523
356, 18:14:47:28, [6.422036937533374,0.4864635250047483,-6.966219321006749,-0.010006327739706389], -434.791480
357, 18:14:47:28, [6.484971283269012,0.5578044073750186,-7.045610592278926,0.007636757821148893], -434.796841
358, 18:14:47:28, [6.368271072883395,0.44440456422975444,-6.876496730696217,0.025891625821759065], -435.050138
359, 18:14:47:28, [6.3549333585428975,0.44502587143572814,-6.84142354107353,0.06462812990340791], -435.286582
360, 18:14:47:28, [6.345927774314635,0.5097063496692098,-6.937193752529543,-0.16599620520520306], -435.207064
361, 18:14:47:28, [6.344753813307047,0.5272726769567944,-7.004489970440547,0.034851353586679165], -435.365720
362, 18:14:47:28, [6.326916664037913,0.578397155120359,-7.08259965651067,0.10853213670326278], -435.533378
363, 18:14:47:28, [6.491843105904051,0.6534107251071954,-7.072120519596631,0.06898681025027985], -435.562826
364, 18:14:47:28, [6.605498941766989,0.7840880043143119,-7.167534153595092,0.13427341569490556], -435.563368
365, 18:14:47:28, [6.331667086062206,0.6008042828947859,-6.968764959575491,0.0630819807270377], -436.329715
366, 18:14:47:28, [6.255014987458804,0.6223042206546696,-6.9303421432237755,0.0908045921799821], -437.005205
367, 18:14:47:29, [6.4252542015886664,0.7052012760933246,-7.0737559946719895,0.3651153424459822], -436.224720
368, 18:14:47:29, [6.451409038883289,0.8999694566556046,-7.285692432927235,0.28473461360865837], -436.455366
369, 18:14:47:29, [6.541671920810961,0.9273843237385964,-7.146062705698377,0.3289318452615014], -437.163204
370, 18:14:47:29, [6.6490495491974855,1.1018779080477152,-7.177794230292228,0.4391316995406207], -437.595785
371, 18:14:47:29, [6.284864946797132,0.880588426411345,-7.066258246962523,0.45561970819271613], -438.199047
372, 18:14:47:29, [6.124547949312202,0.9288386374598616,-7.015620293646236,0.6162928544416215], -438.982412
373, 18:14:47:29, [6.314756560837223,1.0712938353156007,-7.130968555372748,0.3503665374394591], -439.401323
374, 18:14:47:29, [6.259507740461501,1.2543401149267388,-7.159574835723127,0.3429921349361975], -440.828933
375, 18:14:47:29, [6.192651074331707,1.0537109838888883,-6.855973318515449,0.4598760269405525], -440.927676
376, 18:14:47:29, [6.063272092055914,1.13058174750553,-6.641113761309555,0.5474467336064996], -442.347891
377, 18:14:47:29, [6.293173678054748,1.5855149833152533,-7.066709417261798,0.8821271190824875], -442.409742
378, 18:14:47:29, [6.312253023352721,2.0671203646455454,-7.134893054280809,1.2777883825337404], -444.157857
379, 18:14:47:29, [5.730740853393684,1.588562524221123,-6.797806742187635,0.9531283532184089], -444.215361
380, 18:14:47:29, [5.271586505491783,1.8319048323078269,-6.607812998135337,1.2101266800573032], -444.378838
381, 18:14:47:29, [5.828761731368758,2.213134892232959,-6.756077031078178,1.072884111125249], -449.056256
382, 18:14:47:29, [5.6808686223970355,2.855283019619508,-6.626305399794148,1.3011797394670626], -454.956868
383, 18:14:47:29, [5.404482381187226,2.6881048671124663,-6.345487771036797,1.8252786328961053], -450.489471
384, 18:14:47:29, [5.271323174158468,3.5906247943371437,-6.716135850313991,2.259739983870606], -459.178457
385, 18:14:47:29, [4.875348715209746,4.820646317752951,-6.75364689481621,3.11588660900266], -472.113650
386, 18:14:47:29, [4.303890088790174,4.030849153750831,-6.031733477610437,2.448447448177825], -458.070995
387, 18:14:47:29, [4.860708398300307,5.365536846810051,-6.27077377349346,3.135269534714523], -477.931737
388, 18:14:47:29, [4.655269344704569,7.132352854061162,-6.102254161172521,4.097840962043133], -479.701083
389, 18:14:47:29, [4.353206004363537,6.73146080547976,-6.411482195659861,3.656398746449235], -477.720691
390, 18:14:47:29, [3.412988454136979,8.502371545902845,-6.0232529648353665,5.358107143369365], -460.772276
391, 18:14:47:29, [4.344516170417242,9.562566607847527,-6.613584630631543,5.665669282254372], -466.641599
392, 18:14:47:29, [5.701181663210569,5.621141746667854,-6.917230976304701,2.9097906565053346], -481.829850
393, 18:14:47:29, [6.845278267747364,4.180526847050359,-7.364219982039369,1.6856324130733196], -463.298232
394, 18:14:47:29, [5.447986693326969,2.590234254133337,-6.478722483345104,1.2242892047458094], -452.118955
395, 18:14:47:30, [4.620383801144674,7.81948351941898,-6.579869093809933,4.555324262877232], -476.635110
396, 18:14:47:30, [4.789671691501928,8.831573145060927,-6.251771318657298,4.493790704934808], -474.211885
397, 18:14:47:30, [4.811090947428882,7.828841438233934,-6.377240212697027,4.149314680951771], -477.824543
398, 18:14:47:30, [5.1399901787091045,5.837414902802375,-6.324234679107123,2.851348260097504], -482.422954
399, 18:14:47:30, [5.39979336749132,4.846380594494073,-6.196417471755719,1.9993602587076396], -477.584759
400, 18:14:47:30, [5.800560062663026,6.478414665402903,-6.448997818980825,3.3477485333496366], -485.449517
401, 18:14:47:30, [6.52423709181277,6.351891595364474,-6.467755630641307,3.1934234267998374], -483.510718
402, 18:14:47:30, [5.837409677214753,4.705820646233213,-6.519118605085559,2.4540495250460337], -475.351918
403, 18:14:47:30, [5.06767062987535,7.048086240233754,-6.41270981079416,3.7254983919753366], -482.385309
404, 18:14:47:30, [6.199431922524456,5.36017592349228,-6.949332481420884,2.319351958920773], -480.286790
405, 18:14:47:30, [5.813391278069484,5.8032201561345,-6.7375629013587925,2.763974209701363], -483.585771
406, 18:14:47:30, [5.209624411447912,6.962426235618912,-6.044521628815751,3.4344940410565847], -482.711203
407, 18:14:47:30, [5.914112335569413,5.492651739745591,-6.364948703337086,2.473284130127208], -482.893470
408, 18:14:47:30, [6.228853865165813,6.530941495648578,-6.473780847139105,3.1584021970198926], -484.592068
409, 18:14:47:30, [6.668834359285956,5.190187792846876,-6.968123506592153,2.437210494042466], -476.396356
410, 18:14:47:30, [5.574426898407423,6.519366624925903,-6.275422098259852,3.185173154303055], -485.027848
411, 18:14:47:30, [5.79450371658346,7.17331973131035,-6.602933129532202,3.7543649170597657], -483.964575
412, 18:14:47:30, [5.885780993340377,7.547801102509367,-6.1630040455972015,3.958870191164812], -482.787214
413, 18:14:47:30, [5.831488706887207,6.239365392728216,-6.593923187418395,3.0626982050672256], -485.010125
414, 18:14:47:30, [5.923161049978274,5.71072435804245,-6.293128846366885,2.622646127810139], -483.922625
415, 18:14:47:30, [5.826668049932163,6.807670887993375,-6.525482058740873,3.471435219747359], -484.929020
416, 18:14:47:30, [5.287717993779096,6.4914672898766215,-6.448131734560867,3.3751253592137456], -484.288275
417, 18:14:47:30, [5.993569897319134,6.521072944205589,-6.467368568994546,3.212582987568356], -485.158916
418, 18:14:47:30, [5.773354732706231,6.071438925637931,-6.367373778085935,2.932666220396778], -484.993382
419, 18:14:47:30, [5.786683062012715,6.255496916226793,-6.406900848249668,3.0673584702344225], -485.261720
420, 18:14:47:30, [5.746131253313942,6.647810182652376,-6.205421479824051,3.3437333676605094], -485.190338
421, 18:14:47:30, [6.089045239246986,6.432030729317928,-6.488922259764693,3.300538525103407], -485.134553
422, 18:14:47:30, [5.960390654037095,6.453864703219922,-6.435547219388482,3.2716971824033187], -485.338582
423, 18:14:47:30, [5.653312618694255,6.396720289545408,-6.281065114226966,3.302685789255587], -485.360729
424, 18:14:47:31, [5.854341945389601,6.144438104545137,-6.58083402059892,3.151011619960973], -484.962165
425, 18:14:47:31, [5.773183926332857,6.5219671631255665,-6.299274615017769,3.2955529307356253], -485.390566
426, 18:14:47:31, [5.807040568850901,6.669986494420106,-6.3255415355573525,3.5414837476376615], -485.512450
427, 18:14:47:31, [5.817219322269995,6.877231283516764,-6.284861879211196,3.778546386339281], -485.399480
428, 18:14:47:31, [5.556657934233424,6.57967960302707,-6.241892322502974,3.4720383180859367], -485.224950
429, 18:14:47:31, [5.859457474086177,6.485318428171709,-6.387133495167105,3.321782466323973], -485.458520
430, 18:14:47:31, [5.966808397272224,6.681123086014734,-6.4494086181345605,3.4505980497678608], -485.229010
431, 18:14:47:31, [5.731686563338747,6.46782098866274,-6.323150990203864,3.339663854383655], -485.465062
432, 18:14:47:31, [5.826188408136568,6.5288031252031615,-6.443137304936805,3.479786370111838], -485.590737
433, 18:14:47:31, [5.852690649038426,6.532221106241959,-6.515068649896321,3.571903089799944], -485.650493
434, 18:14:47:31, [5.8248775649941,6.599258843345353,-6.326449516431497,3.5396680457229808], -485.639192
435, 18:14:47:31, [5.74869019902491,6.64932528816337,-6.357971850877413,3.6745769024481474], -485.751693
436, 18:14:47:31, [5.693306561494275,6.731328718159201,-6.343391028732567,3.8509741205102355], -485.861410
437, 18:14:47:31, [5.857271108850104,6.798576592420571,-6.432074375105005,3.9123506474517553], -485.849020
438, 18:14:47:31, [5.807032373337551,6.660706135663435,-6.4829502495253415,3.8959642041047964], -486.087594
439, 18:14:47:31, [5.807028275580876,6.656065956285101,-6.561654606509336,4.073204432338365], -486.312170
440, 18:14:47:31, [5.78027073248774,6.759837343208062,-6.599644813690118,4.164548099327169], -486.158363
441, 18:14:47:31, [5.716247690168071,6.940683198794508,-6.4533137621221925,4.428635560013818], -486.163817
442, 18:14:47:31, [5.641155521015377,6.745381015802864,-6.546927730422103,4.346330458643039], -486.423063
443, 18:14:47:31, [5.533097727098015,6.71878322749401,-6.604354408080653,4.563320364238681], -486.358551
444, 18:14:47:31, [5.779044548131758,6.819655038886065,-6.7373794276393095,4.6553851546509595], -486.130480
445, 18:14:47:31, [5.757610051472387,6.797573458704349,-6.638882327912623,4.4542823961157785], -486.347436
446, 18:14:47:31, [5.6807500366306165,6.8100144715853475,-6.50074439979301,4.486678324228331], -486.526402
447, 18:14:47:31, [5.630989688702055,6.83510303577399,-6.451294192844458,4.647743436678912], -486.518294
448, 18:14:47:31, [5.7270242521815575,6.563834252394322,-6.670790770196344,4.251612245648939], -486.473870
449, 18:14:47:31, [5.596241655069093,6.80233564295834,-6.617018007652705,4.69624727997968], -486.288176
450, 18:14:47:31, [5.7543316204529305,6.692633377953411,-6.575495456795178,4.2289651442486935], -486.451957
451, 18:14:47:31, [5.644020663667854,6.608358100163622,-6.508096850690694,4.202510690268723], -486.558714
452, 18:14:47:31, [5.587225969765587,6.51375042089326,-6.4427041120797295,4.076624837345195], -486.443949
453, 18:14:47:32, [5.761907765451103,6.592039085245486,-6.58063600831551,4.238552743554304], -486.646378
454, 18:14:47:32, [5.822283887668968,6.515368119966796,-6.597490147262214,4.184663886009936], -486.647930
455, 18:14:47:32, [5.682707799621568,6.556154094101633,-6.563065627175954,4.3337674288292725], -486.792982
456, 18:14:47:32, [5.6468958892058865,6.487914452175746,-6.556850712366341,4.386168571119562], -486.893581
457, 18:14:47:32, [5.669950986405105,6.646993319551434,-6.410800284859786,4.3783984901643365], -486.871756
458, 18:14:47:32, [5.710825676843289,6.319302524343453,-6.535874597796507,4.0891924945529485], -486.612486
459, 18:14:47:32, [5.780957556393769,6.376431107855092,-6.54241102045173,4.316701030654667], -487.018715
460, 18:14:47:32, [5.849426002756726,6.260467611700829,-6.559568105332248,4.373796200847639], -487.038921
461, 18:14:47:32, [5.783452706175055,6.63606922735395,-6.526480027113788,4.572321079517788], -487.030000
462, 18:14:47:32, [5.652578904602418,6.500354185424184,-6.429359417573869,4.670678284814727], -487.230985
463, 18:14:47:32, [5.567726413069142,6.492847218152878,-6.345294052729695,4.9136854842171225], -486.982779
464, 18:14:47:32, [5.796225764964937,6.295409418775918,-6.625328846333337,4.623083577985522], -487.106272
465, 18:14:47:32, [5.8939458000436815,6.358235769451694,-6.513517485810281,4.7337710004632765], -487.322032
466, 18:14:47:32, [6.017470755462579,6.293396428089668,-6.49185087253225,4.907572215135133], -487.092424
467, 18:14:47:32, [5.812635530008826,6.071164265322363,-6.537406900411078,4.628343452537795], -486.993818
468, 18:14:47:32, [5.790748412133498,6.494842986846053,-6.5292117454381104,4.58632667277279], -487.228087
469, 18:14:47:32, [5.7173234381155424,6.563953568548095,-6.48914064224555,4.933133567170518], -487.010670
470, 18:14:47:32, [5.81640036159643,6.336339100912646,-6.541961239560574,4.513630542428359], -487.234530
471, 18:14:47:32, [5.780610974223077,6.54947660254137,-6.381696097858081,4.629119672254054], -487.321250
472, 18:14:47:32, [5.781019608099305,6.377359842318895,-6.404055374963293,4.6872730772074185], -487.437874
473, 18:14:47:32, [5.776155206082208,6.318618270055316,-6.341477189725884,4.737746279424734], -487.444187
474, 18:14:47:32, [5.98097726637028,6.2809806860563295,-6.459966588903541,4.636455462470485], -487.297471
475, 18:14:47:32, [5.899444261763192,6.41731656313971,-6.306367441588319,4.854915664877915], -487.367343
476, 18:14:47:32, [5.6941008546858,6.540842916537715,-6.311562518587742,4.841320846039505], -487.214363
477, 18:14:47:32, [5.909258163449159,6.345946243676676,-6.422865571324591,4.68767180836274], -487.417107
478, 18:14:47:32, [5.958790741446045,6.170581820620329,-6.410417746366457,4.877932704310277], -487.159305
479, 18:14:47:32, [5.825155916028819,6.45475290706111,-6.388876509985175,4.69132293026811], -487.427059
480, 18:14:47:32, [5.811060973618009,6.410081222514712,-6.216275870501704,4.752057341003473], -487.404734
481, 18:14:47:32, [5.761370867825906,6.347382758514197,-6.37838012918036,4.5794835146516135], -487.417928
482, 18:14:47:33, [5.824909103075038,6.323268867138937,-6.549523829606301,4.596054925350126], -487.265067
483, 18:14:47:33, [5.814523005982267,6.388378133670768,-6.299587860277853,4.713056737090136], -487.463279
484, 18:14:47:33, [5.679344334510441,6.4086197909740195,-6.281295273260046,4.673132922354556], -487.358743
485, 18:14:47:33, [5.851779706214479,6.361614630501012,-6.387472996808455,4.684037086860695], -487.458870
486, 18:14:47:33, [5.872436049327981,6.414299212129906,-6.330327149218324,4.833598002170223], -487.398787
487, 18:14:47:33, [5.789137163201424,6.364111871918125,-6.366366884189851,4.643012136531266], -487.455639
488, 18:14:47:33, [5.790641624711371,6.261608546011502,-6.308575955515848,4.697603189685306], -487.428910
489, 18:14:47:33, [5.799270197540732,6.309894636273905,-6.32865109413318,4.696033124831006], -487.458625
490, 18:14:47:33, [5.851199830387243,6.393381366126588,-6.349562227978785,4.630323263231817], -487.461097
491, 18:14:47:33, [5.869249206860937,6.362522511368011,-6.316270205409285,4.71871296947556], -487.465073
492, 18:14:47:33, [5.909305228690695,6.361727831092953,-6.291221866019001,4.7565633859477074], -487.433179
493, 18:14:47:33, [5.894105677181731,6.443053684559285,-6.347795551104008,4.677031903498099], -487.434364
494, 18:14:47:33, [5.822979067450982,6.343184398345249,-6.333437208375887,4.691282819497779], -487.471372
495, 18:14:47:33, [5.827195849126234,6.382118574254297,-6.261955754212451,4.692650807786952], -487.455500
496, 18:14:47:33, [5.845633741942418,6.366740616439333,-6.356093686159454,4.686190517092259], -487.469732
497, 18:14:47:33, [5.824992680731059,6.3370314637850935,-6.303132252132455,4.7742982583460485], -487.447259
498, 18:14:47:33, [5.844648042973197,6.379293890541215,-6.337954734017202,4.666317012010375], -487.470998
499, 18:14:47:33, [5.876732023631501,6.337492574676135,-6.372290056703061,4.668194921947849], -487.457320
500, 18:14:47:33, [5.830075260394575,6.37565674392211,-6.317763409384155,4.701841283304565], -487.470960
501, 18:14:47:33, [5.802418849519649,6.369915313255943,-6.3563543135590646,4.6541028464769285], -487.463803
502, 18:14:47:33, [5.852541617525615,6.364370711839994,-6.32629123244673,4.702560438725902], -487.471125
503, 18:14:47:33, [5.829488252229767,6.364512255884952,-6.3016296059525345,4.694810259677052], -487.470323
504, 18:14:47:33, [5.8335246246579295,6.365069346023548,-6.315245626004264,4.692655324030853], -487.472460
505, 18:14:47:33, [5.846771415909287,6.350302429452893,-6.338700991037887,4.67456651382789], -487.472194
506, 18:14:47:33, [5.833260319798712,6.3321695522896295,-6.318882794915183,4.714215536030838], -487.467726
507, 18:14:47:33, [5.841801112179576,6.367512805978318,-6.3331867492416976,4.678291643015491], -487.473015
508, 18:14:47:33, [5.819996492573273,6.3486637780600095,-6.333994054883139,4.665837711460105], -487.471387
509, 18:14:47:33, [5.848067755209049,6.372589781412136,-6.327126502207607,4.664392776669391], -487.471809
510, 18:14:47:33, [5.865085961404647,6.379073403373438,-6.323135879362589,4.689115417311708], -487.468598
511, 18:14:47:34, [5.831268859781116,6.3562661843883665,-6.331279511003001,4.671657137923006], -487.473143
512, 18:14:47:34, [5.828615251054906,6.346985601509427,-6.332079936435818,4.694192532729229], -487.472113
513, 18:14:47:34, [5.833478377093441,6.353386646485105,-6.330841577878766,4.6867425937142695], -487.473164
514, 18:14:47:34, [5.8232650709467455,6.370815061984774,-6.316575741025978,4.69010683551392], -487.471722
515, 18:14:47:34, [5.840894829668652,6.355430587585863,-6.33316967853491,4.678451594249397], -487.473214
516, 18:14:47:34, [5.840196964703463,6.351228766195279,-6.348993132324923,4.664916160420229], -487.470891
517, 18:14:47:34, [5.835192709669313,6.36160920106648,-6.323682502584429,4.6857205331281975], -487.473358
518, 18:14:47:34, [5.828616275926684,6.34583350378459,-6.326299885758855,4.682994286491944], -487.472574
519, 18:14:47:34, [5.838504903116354,6.362092980429886,-6.331465033370987,4.679467303884604], -487.473388
520, 18:14:47:34, [5.842766549992764,6.359993523395301,-6.328299885181544,4.693533874565228], -487.472876
521, 18:14:47:34, [5.834143282334028,6.3571980191401,-6.330534604547637,4.677126322083561], -487.473403
522, 18:14:47:34, [5.840889485300731,6.364778747626059,-6.328584331640214,4.67364028295861], -487.473230
523, 18:14:47:34, [5.83347036054156,6.367408886545398,-6.3239635575367235,4.679525626778089], -487.473222
524, 18:14:47:34, [5.835326477823333,6.364414311805514,-6.326265087786271,4.679257118645916], -487.473415
525, 18:14:47:34, [5.830694201170783,6.357878508594932,-6.3273892825044475,4.687145355912529], -487.473235
526, 18:14:47:34, [5.83324302220327,6.359603568352714,-6.327688044788388,4.683769087674049], -487.473425
527, 18:14:47:34, [5.835416133069179,6.3600452387976265,-6.334293882662212,4.674089383015868], -487.473228
