start_time : 2024_11_18_14:39:38
name : labopt_logs\lab_opt_2024_11\optimization__2024-11-18-14-39__shgo__.txt
method : shgo
args : (6, 8, -5, 2)
paras_init : array([3, 0, 4, 2])
bounds : ((-10, 10), (-10, 10), (-10, 10), (-10, 10))
max_run : 10
form : rounds, time, parameters, cost 


0, 18:14:39:38, [10.0,10.0,10.0,-10.0], -76.461393
1, 18:14:39:38, [10.0,10.0,-10.0,10.0], -356.461393
2, 18:14:39:38, [-10.0,-10.0,10.0,10.0], 406.680100
3, 18:14:39:39, [10.0,10.0,-10.0,-10.0], -273.319900
4, 18:14:39:39, [-10.0,10.0,-10.0,10.0], -113.319900
5, 18:14:39:39, [-10.0,-10.0,-10.0,10.0], 209.821594
6, 18:14:39:39, [-10.0,10.0,10.0,10.0], 83.538607
7, 18:14:39:39, [-10.0,10.0,-10.0,-10.0], -30.178406
8, 18:14:39:39, [0.0,0.0,0.0,0.0], -372.071029
9, 18:14:39:39, [-10.0,-10.0,10.0,-10.0], 489.821594
10, 18:14:39:39, [-10.0,-10.0,-10.0,-10.0], 292.963088
11, 18:14:39:39, [-10.0,10.0,10.0,-10.0], 166.680100
12, 18:14:39:39, [10.0,-10.0,10.0,10.0], 163.538607
13, 18:14:39:39, [10.0,-10.0,10.0,-10.0], 246.680100
14, 18:14:39:39, [10.0,-10.0,-10.0,10.0], -33.319900
15, 18:14:39:39, [10.0,10.0,10.0,10.0], -159.602887
16, 18:14:39:39, [10.0,-10.0,-10.0,-10.0], 49.821594
17, 18:14:39:39, [0.0,0.0,0.0,0.0], -372.071029
18, 18:14:39:39, [1e-08,0.0,0.0,0.0], -372.071029
19, 18:14:39:39, [0.0,1e-08,0.0,0.0], -372.071029
20, 18:14:39:39, [0.0,0.0,1e-08,0.0], -372.071029
21, 18:14:39:39, [0.0,0.0,0.0,1e-08], -372.071029
22, 18:14:39:39, [9.112704901781397,10.0,-10.0,1.1127099242003167], -425.523885
23, 18:14:39:39, [9.112704911781398,10.0,-10.0,1.1127099242003167], -425.523885
24, 18:14:39:39, [9.112704901781397,9.99999999,-10.0,1.1127099242003167], -425.523885
25, 18:14:39:39, [9.112704901781397,10.0,-9.99999999,1.1127099242003167], -425.523885
26, 18:14:39:39, [9.112704901781397,10.0,-10.0,1.1127099342003166], -425.523885
27, 18:14:39:39, [6.428653134857001,10.0,-5.966451823049648,-0.6182586275204661], -480.043864
28, 18:14:39:39, [6.428653144857001,10.0,-5.966451823049648,-0.6182586275204661], -480.043864
29, 18:14:39:39, [6.428653134857001,9.99999999,-5.966451823049648,-0.6182586275204661], -480.043864
30, 18:14:39:40, [6.428653134857001,10.0,-5.966451813049648,-0.6182586275204661], -480.043864
31, 18:14:39:40, [6.428653134857001,10.0,-5.966451823049648,-0.6182586175204661], -480.043864
32, 18:14:39:40, [4.741101241360468,10.0,-5.739145079871963,0.5543005332830507], -477.938899
33, 18:14:39:40, [4.741101251360468,10.0,-5.739145079871963,0.5543005332830507], -477.938899
34, 18:14:39:40, [4.741101241360468,9.99999999,-5.739145079871963,0.5543005332830507], -477.938899
35, 18:14:39:40, [4.741101241360468,10.0,-5.739145069871963,0.5543005332830507], -477.938899
36, 18:14:39:40, [4.741101241360468,10.0,-5.739145079871963,0.5543005432830508], -477.938899
37, 18:14:39:40, [5.721439479784334,10.0,-5.871192866400748,-0.12686642020728828], -483.048330
38, 18:14:39:40, [5.721439489784334,10.0,-5.871192866400748,-0.12686642020728828], -483.048330
39, 18:14:39:40, [5.721439479784334,9.99999999,-5.871192866400748,-0.12686642020728828], -483.048330
40, 18:14:39:40, [5.721439479784334,10.0,-5.871192856400748,-0.12686642020728828], -483.048330
41, 18:14:39:40, [5.721439479784334,10.0,-5.871192866400748,-0.12686641020728828], -483.048330
42, 18:14:39:40, [6.126487645511155,10.0,-6.948287521200532,0.6110532011525669], -481.648340
43, 18:14:39:40, [6.126487655511155,10.0,-6.948287521200532,0.6110532011525669], -481.648340
44, 18:14:39:40, [6.126487645511155,9.99999999,-6.948287521200532,0.6110532011525669], -481.648340
45, 18:14:39:40, [6.126487645511155,10.0,-6.948287511200532,0.6110532011525669], -481.648340
46, 18:14:39:40, [6.126487645511155,10.0,-6.948287521200532,0.6110532111525669], -481.648340
47, 18:14:39:40, [5.881405409664252,10.0,-6.296570543928465,0.1645606454989615], -484.093617
48, 18:14:39:40, [5.881405419664252,10.0,-6.296570543928465,0.1645606454989615], -484.093617
49, 18:14:39:40, [5.881405409664252,9.99999999,-6.296570543928465,0.1645606454989615], -484.093617
50, 18:14:39:40, [5.881405409664252,10.0,-6.296570533928465,0.1645606454989615], -484.093617
51, 18:14:39:40, [5.881405409664252,10.0,-6.296570543928465,0.16456065549896148], -484.093617
52, 18:14:39:40, [5.833231834073382,10.0,-6.332456520662445,0.15845049595803176], -484.105114
53, 18:14:39:40, [5.833231844073382,10.0,-6.332456520662445,0.15845049595803176], -484.105114
54, 18:14:39:40, [5.833231834073382,9.99999999,-6.332456520662445,0.15845049595803176], -484.105114
55, 18:14:39:40, [5.833231834073382,10.0,-6.332456510662445,0.15845049595803176], -484.105114
56, 18:14:39:40, [5.833231834073382,10.0,-6.332456520662445,0.15845050595803176], -484.105114
57, 18:14:39:40, [5.836225675165612,10.0,-6.326791399178831,0.1585253621081852], -484.105263
58, 18:14:39:40, [5.836225685165612,10.0,-6.326791399178831,0.1585253621081852], -484.105263
59, 18:14:39:40, [5.836225675165612,9.99999999,-6.326791399178831,0.1585253621081852], -484.105263
60, 18:14:39:41, [5.836225675165612,10.0,-6.326791389178831,0.1585253621081852], -484.105263
61, 18:14:39:41, [5.836225675165612,10.0,-6.326791399178831,0.1585253721081852], -484.105263
62, 18:14:39:41, [5.83632821134932,10.0,-6.326976236499148,0.15856817123907363], -484.105263
63, 18:14:39:41, [5.83632822134932,10.0,-6.326976236499148,0.15856817123907363], -484.105263
64, 18:14:39:41, [5.83632821134932,9.99999999,-6.326976236499148,0.15856817123907363], -484.105263
65, 18:14:39:41, [5.83632821134932,10.0,-6.3269762264991485,0.15856817123907363], -484.105263
66, 18:14:39:41, [5.83632821134932,10.0,-6.326976236499148,0.15856818123907362], -484.105263
67, 18:14:39:41, [0.0,10.0,10.0,-10.0], -64.578429
68, 18:14:39:41, [0.0,0.0,0.0,-10.0], -220.812500
69, 18:14:39:41, [-10.0,0.0,10.0,-10.0], 218.563065
70, 18:14:39:41, [10.0,0.0,10.0,-10.0], -24.578429
71, 18:14:39:41, [10.0,0.0,-10.0,-10.0], -221.436935
72, 18:14:39:41, [10.0,-10.0,0.0,-10.0], 38.563065
73, 18:14:39:41, [0.0,10.0,-10.0,-10.0], -261.436935
74, 18:14:39:41, [0.0,-10.0,0.0,-10.0], 50.446030
75, 18:14:39:41, [-10.0,0.0,-10.0,-10.0], 21.704559
76, 18:14:39:41, [-10.0,-10.0,0.0,-10.0], 281.704559
77, 18:14:39:41, [0.0,10.0,0.0,-10.0], -272.695464
78, 18:14:39:41, [0.0,0.0,10.0,-10.0], -12.695464
79, 18:14:39:41, [0.0,0.0,-10.0,-10.0], -209.553970
80, 18:14:39:41, [10.0,10.0,0.0,-10.0], -284.578429
81, 18:14:39:41, [10.0,0.0,0.0,-10.0], -232.695464
82, 18:14:39:41, [-10.0,10.0,0.0,-10.0], -41.436935
83, 18:14:39:41, [0.0,-10.0,10.0,-10.0], 258.563065
84, 18:14:39:41, [0.0,-10.0,-10.0,-10.0], 61.704559
85, 18:14:39:41, [-10.0,0.0,0.0,-10.0], 10.446030
86, 18:14:39:41, [10.0,10.0,0.0,-10.0], -284.578429
87, 18:14:39:41, [9.99999999,10.0,0.0,-10.0], -284.578429
88, 18:14:39:42, [10.0,9.99999999,0.0,-10.0], -284.578429
89, 18:14:39:42, [10.0,10.0,1e-08,-10.0], -284.578429
90, 18:14:39:42, [10.0,10.0,0.0,-9.99999999], -284.578429
91, 18:14:39:42, [7.288421351807445,10.0,-10.0,10.0], -374.035869
92, 18:14:39:42, [7.288421361807445,10.0,-10.0,10.0], -374.035869
93, 18:14:39:42, [7.288421351807445,9.99999999,-10.0,10.0], -374.035869
94, 18:14:39:42, [7.288421351807445,10.0,-9.99999999,10.0], -374.035869
95, 18:14:39:42, [7.288421351807445,10.0,-10.0,9.99999999], -374.035869
96, 18:14:39:42, [4.532471629109871,10.0,-6.045177200622176,4.699344373790669], -471.773115
97, 18:14:39:42, [4.532471639109871,10.0,-6.045177200622176,4.699344373790669], -471.773115
98, 18:14:39:42, [4.532471629109871,9.99999999,-6.045177200622176,4.699344373790669], -471.773115
99, 18:14:39:42, [4.532471629109871,10.0,-6.045177190622176,4.699344373790669], -471.773115
100, 18:14:39:42, [4.532471629109871,10.0,-6.045177200622176,4.6993443837906685], -471.773115
101, 18:14:39:42, [6.780301202058236,10.0,-6.158211397989504,3.8576620419088288], -473.790831
102, 18:14:39:42, [6.7803012120582355,10.0,-6.158211397989504,3.8576620419088288], -473.790831
103, 18:14:39:42, [6.780301202058236,9.99999999,-6.158211397989504,3.8576620419088288], -473.790831
104, 18:14:39:42, [6.780301202058236,10.0,-6.158211387989504,3.8576620419088288], -473.790831
105, 18:14:39:42, [6.780301202058236,10.0,-6.158211397989504,3.8576620519088287], -473.790831
106, 18:14:39:42, [5.818975834345129,10.0,-6.602700080782706,4.859893317530761], -477.911502
107, 18:14:39:42, [5.818975844345129,10.0,-6.602700080782706,4.859893317530761], -477.911502
108, 18:14:39:42, [5.818975834345129,9.99999999,-6.602700080782706,4.859893317530761], -477.911502
109, 18:14:39:42, [5.818975834345129,10.0,-6.602700070782706,4.859893317530761], -477.911502
110, 18:14:39:42, [5.818975834345129,10.0,-6.602700080782706,4.859893327530761], -477.911502
111, 18:14:39:42, [5.707787535447204,10.0,-6.1402471806332315,4.4309952417725595], -477.959764
112, 18:14:39:42, [5.707787545447204,10.0,-6.1402471806332315,4.4309952417725595], -477.959764
113, 18:14:39:42, [5.707787535447204,9.99999999,-6.1402471806332315,4.4309952417725595], -477.959764
114, 18:14:39:42, [5.707787535447204,10.0,-6.1402471706332316,4.4309952417725595], -477.959764
115, 18:14:39:43, [5.707787535447204,10.0,-6.1402471806332315,4.4309952517725595], -477.959764
116, 18:14:39:43, [5.85182568195815,10.0,-6.322061954560163,4.6391864517807715], -478.278314
117, 18:14:39:43, [5.85182569195815,10.0,-6.322061954560163,4.6391864517807715], -478.278314
118, 18:14:39:43, [5.85182568195815,9.99999999,-6.322061954560163,4.6391864517807715], -478.278314
119, 18:14:39:43, [5.85182568195815,10.0,-6.322061944560163,4.6391864517807715], -478.278314
120, 18:14:39:43, [5.85182568195815,10.0,-6.322061954560163,4.639186461780771], -478.278314
121, 18:14:39:43, [5.8289934663210365,10.0,-6.328799845652529,4.694673320919], -478.282410
122, 18:14:39:43, [5.8289934763210365,10.0,-6.328799845652529,4.694673320919], -478.282410
123, 18:14:39:43, [5.8289934663210365,9.99999999,-6.328799845652529,4.694673320919], -478.282410
124, 18:14:39:43, [5.8289934663210365,10.0,-6.3287998356525295,4.694673320919], -478.282410
125, 18:14:39:43, [5.8289934663210365,10.0,-6.328799845652529,4.694673330919], -478.282410
126, 18:14:39:43, [5.8363817950281565,10.0,-6.326955855410358,4.67937380345883], -478.283169
127, 18:14:39:43, [5.836381805028156,10.0,-6.326955855410358,4.67937380345883], -478.283169
128, 18:14:39:43, [5.8363817950281565,9.99999999,-6.326955855410358,4.67937380345883], -478.283169
129, 18:14:39:43, [5.8363817950281565,10.0,-6.3269558454103585,4.67937380345883], -478.283169
130, 18:14:39:43, [5.8363817950281565,10.0,-6.326955855410358,4.67937381345883], -478.283169
131, 18:14:39:43, [5.836324888237594,10.0,-6.32696938439313,4.679683109523204], -478.283170
132, 18:14:39:43, [5.836324898237594,10.0,-6.32696938439313,4.679683109523204], -478.283170
133, 18:14:39:43, [5.836324888237594,9.99999999,-6.32696938439313,4.679683109523204], -478.283170
134, 18:14:39:43, [5.836324888237594,10.0,-6.32696937439313,4.679683109523204], -478.283170
135, 18:14:39:43, [5.836324888237594,10.0,-6.32696938439313,4.679683119523204], -478.283170
136, 18:14:39:43, [-10.0,0.0,-10.0,10.0], -61.436935
137, 18:14:39:43, [10.0,10.0,-10.0,0.0], -424.578429
138, 18:14:39:43, [0.0,-10.0,-10.0,0.0], -89.553970
139, 18:14:39:43, [-10.0,0.0,-10.0,0.0], -129.553970
140, 18:14:39:43, [-10.0,-10.0,10.0,0.0], 338.563065
141, 18:14:39:43, [-10.0,10.0,-10.0,0.0], -181.436935
142, 18:14:39:43, [0.0,0.0,10.0,10.0], -95.836958
143, 18:14:39:43, [-10.0,-10.0,-10.0,0.0], 141.704559
144, 18:14:39:44, [0.0,-10.0,-10.0,10.0], -21.436935
145, 18:14:39:44, [0.0,0.0,10.0,0.0], -163.953994
146, 18:14:39:44, [0.0,0.0,-10.0,10.0], -292.695464
147, 18:14:39:44, [0.0,0.0,-10.0,0.0], -360.812500
148, 18:14:39:44, [10.0,0.0,-10.0,10.0], -304.578429
149, 18:14:39:44, [10.0,0.0,-10.0,0.0], -372.695464
150, 18:14:39:44, [0.0,10.0,-10.0,10.0], -344.578429
151, 18:14:39:44, [0.0,10.0,-10.0,0.0], -412.695464
152, 18:14:39:44, [10.0,-10.0,-10.0,0.0], -101.436935
153, 18:14:39:44, [10.0,10.0,-10.0,0.0], -424.578429
154, 18:14:39:44, [9.99999999,10.0,-10.0,0.0], -424.578429
155, 18:14:39:44, [10.0,9.99999999,-10.0,0.0], -424.578429
156, 18:14:39:44, [10.0,10.0,-9.99999999,0.0], -424.578429
157, 18:14:39:44, [10.0,10.0,-10.0,1e-08], -424.578429
158, 18:14:39:44, [7.288415667466027,10.0,-0.44312709832134267,1.112709924200317], -456.060502
159, 18:14:39:44, [7.288415677466027,10.0,-0.44312709832134267,1.112709924200317], -456.060502
160, 18:14:39:44, [7.288415667466027,9.99999999,-0.44312709832134267,1.112709924200317], -456.060502
161, 18:14:39:44, [7.288415667466027,10.0,-0.4431270883213427,1.112709924200317], -456.060502
162, 18:14:39:44, [7.288415667466027,10.0,-0.44312709832134267,1.1127099342003168], -456.060502
163, 18:14:39:44, [5.467203807636034,10.0,-3.360501593654442,0.03763402243460571], -471.426669
164, 18:14:39:44, [5.467203817636034,10.0,-3.360501593654442,0.03763402243460571], -471.426669
165, 18:14:39:44, [5.467203807636034,9.99999999,-3.360501593654442,0.03763402243460571], -471.426669
166, 18:14:39:44, [5.467203807636034,10.0,-3.360501583654442,0.03763402243460571], -471.426669
167, 18:14:39:44, [5.467203807636034,10.0,-3.360501593654442,0.03763403243460571], -471.426669
168, 18:14:39:44, [6.732944708614786,10.0,-5.073877419965098,0.1290993216722018], -476.610978
169, 18:14:39:44, [6.732944718614786,10.0,-5.073877419965098,0.1290993216722018], -476.610978
170, 18:14:39:44, [6.732944708614786,9.99999999,-5.073877419965098,0.1290993216722018], -476.610978
171, 18:14:39:44, [6.732944708614786,10.0,-5.073877409965098,0.1290993216722018], -476.610978
172, 18:14:39:44, [6.732944708614786,10.0,-5.073877419965098,0.1290993316722018], -476.610978
173, 18:14:39:44, [10.0,10.0,-10.0,-0.05084147811177628], -424.512402
174, 18:14:39:45, [9.99999999,10.0,-10.0,-0.05084147811177628], -424.512402
175, 18:14:39:45, [10.0,9.99999999,-10.0,-0.05084147811177628], -424.512402
176, 18:14:39:45, [10.0,10.0,-9.99999999,-0.05084147811177628], -424.512402
177, 18:14:39:45, [10.0,10.0,-10.0,-0.050841468111776277], -424.512402
178, 18:14:39:45, [6.845554536629159,10.0,-5.243672469953444,0.12289706896779444], -476.823518
179, 18:14:39:45, [6.845554546629159,10.0,-5.243672469953444,0.12289706896779444], -476.823518
180, 18:14:39:45, [6.845554536629159,9.99999999,-5.243672469953444,0.12289706896779444], -476.823518
181, 18:14:39:45, [6.845554536629159,10.0,-5.243672459953444,0.12289706896779444], -476.823518
182, 18:14:39:45, [6.845554536629159,10.0,-5.243672469953444,0.12289707896779443], -476.823518
183, 18:14:39:45, [6.34159620129065,10.0,-6.93430569144286,0.8394580183608946], -480.344984
184, 18:14:39:45, [6.34159621129065,10.0,-6.93430569144286,0.8394580183608946], -480.344984
185, 18:14:39:45, [6.34159620129065,9.99999999,-6.93430569144286,0.8394580183608946], -480.344984
186, 18:14:39:45, [6.34159620129065,10.0,-6.93430568144286,0.8394580183608946], -480.344984
187, 18:14:39:45, [6.34159620129065,10.0,-6.93430569144286,0.8394580283608947], -480.344984
188, 18:14:39:45, [5.605922779084833,10.0,-6.000296032579478,0.49835976269445426], -483.153773
189, 18:14:39:45, [5.605922789084833,10.0,-6.000296032579478,0.49835976269445426], -483.153773
190, 18:14:39:45, [5.605922779084833,9.99999999,-6.000296032579478,0.49835976269445426], -483.153773
191, 18:14:39:45, [5.605922779084833,10.0,-6.000296022579478,0.49835976269445426], -483.153773
192, 18:14:39:45, [5.605922779084833,10.0,-6.000296032579478,0.49835977269445425], -483.153773
193, 18:14:39:45, [5.926702769595726,10.0,-6.210104991775632,0.12291383446331366], -484.018624
194, 18:14:39:45, [5.926702779595726,10.0,-6.210104991775632,0.12291383446331366], -484.018624
195, 18:14:39:45, [5.926702769595726,9.99999999,-6.210104991775632,0.12291383446331366], -484.018624
196, 18:14:39:45, [5.926702769595726,10.0,-6.210104981775632,0.12291383446331366], -484.018624
197, 18:14:39:45, [5.926702769595726,10.0,-6.210104991775632,0.12291384446331366], -484.018624
198, 18:14:39:45, [5.838444333401331,10.0,-6.355362228049196,0.17631819514808938], -484.101198
199, 18:14:39:45, [5.838444343401331,10.0,-6.355362228049196,0.17631819514808938], -484.101198
200, 18:14:39:46, [5.838444333401331,9.99999999,-6.355362228049196,0.17631819514808938], -484.101198
201, 18:14:39:46, [5.838444333401331,10.0,-6.355362218049196,0.17631819514808938], -484.101198
202, 18:14:39:46, [5.838444333401331,10.0,-6.355362228049196,0.17631820514808938], -484.101198
203, 18:14:39:46, [5.835572107902567,10.0,-6.326057811330865,0.15808696193722693], -484.105257
204, 18:14:39:46, [5.835572117902567,10.0,-6.326057811330865,0.15808696193722693], -484.105257
205, 18:14:39:46, [5.835572107902567,9.99999999,-6.326057811330865,0.15808696193722693], -484.105257
206, 18:14:39:46, [5.835572107902567,10.0,-6.326057801330865,0.15808696193722693], -484.105257
207, 18:14:39:46, [5.835572107902567,10.0,-6.326057811330865,0.15808697193722693], -484.105257
208, 18:14:39:46, [5.836344055608308,10.0,-6.3269698285335485,0.15856045700383392], -484.105263
209, 18:14:39:46, [5.836344065608308,10.0,-6.3269698285335485,0.15856045700383392], -484.105263
210, 18:14:39:46, [5.836344055608308,9.99999999,-6.3269698285335485,0.15856045700383392], -484.105263
211, 18:14:39:46, [5.836344055608308,10.0,-6.326969818533549,0.15856045700383392], -484.105263
212, 18:14:39:46, [5.836344055608308,10.0,-6.3269698285335485,0.15856046700383392], -484.105263
213, 18:14:39:46, [5.836318776887178,10.0,-6.326971405601969,0.15856788781030967], -484.105263
214, 18:14:39:46, [5.836318786887178,10.0,-6.326971405601969,0.15856788781030967], -484.105263
215, 18:14:39:46, [5.836318776887178,9.99999999,-6.326971405601969,0.15856788781030967], -484.105263
216, 18:14:39:46, [5.836318776887178,10.0,-6.326971395601969,0.15856788781030967], -484.105263
217, 18:14:39:46, [5.836318776887178,10.0,-6.326971405601969,0.15856789781030967], -484.105263
218, 18:14:39:46, [0.0,-10.0,-10.0,0.0], -89.553970
219, 18:14:39:46, [1e-08,-10.0,-10.0,0.0], -89.553970
220, 18:14:39:46, [0.0,-9.99999999,-10.0,0.0], -89.553971
221, 18:14:39:46, [0.0,-10.0,-9.99999999,0.0], -89.553970
222, 18:14:39:46, [0.0,-10.0,-10.0,1e-08], -89.553970
223, 18:14:39:46, [9.1127049017814,10.0,-0.4431270983213409,1.112704239858431], -441.746537
224, 18:14:39:46, [9.112704911781401,10.0,-0.4431270983213409,1.112704239858431], -441.746537
225, 18:14:39:46, [9.1127049017814,9.99999999,-0.4431270983213409,1.112704239858431], -441.746537
226, 18:14:39:46, [9.1127049017814,10.0,-0.4431270883213409,1.112704239858431], -441.746537
227, 18:14:39:46, [9.1127049017814,10.0,-0.4431270983213409,1.112704249858431], -441.746537
228, 18:14:39:47, [6.195230851970023,10.0,-5.494322044337609,-0.9859130721547309], -476.432540
229, 18:14:39:47, [6.195230861970023,10.0,-5.494322044337609,-0.9859130721547309], -476.432540
230, 18:14:39:47, [6.195230851970023,9.99999999,-5.494322044337609,-0.9859130721547309], -476.432540
231, 18:14:39:47, [6.195230851970023,10.0,-5.494322034337609,-0.9859130721547309], -476.432540
232, 18:14:39:47, [6.195230851970023,10.0,-5.494322044337609,-0.9859130621547308], -476.432540
233, 18:14:39:47, [2.7405517506768167,10.0,-10.0,0.6278862650268542], -426.243278
234, 18:14:39:47, [2.7405517606768166,10.0,-10.0,0.6278862650268542], -426.243278
235, 18:14:39:47, [2.7405517506768167,9.99999999,-10.0,0.6278862650268542], -426.243278
236, 18:14:39:47, [2.7405517506768167,10.0,-9.99999999,0.6278862650268542], -426.243278
237, 18:14:39:47, [2.7405517506768167,10.0,-10.0,0.6278862750268542], -426.243278
238, 18:14:39:47, [5.682535165989181,10.0,-6.162992442529545,-0.7464152971220164], -480.843424
239, 18:14:39:47, [5.682535175989181,10.0,-6.162992442529545,-0.7464152971220164], -480.843424
240, 18:14:39:47, [5.682535165989181,9.99999999,-6.162992442529545,-0.7464152971220164], -480.843424
241, 18:14:39:47, [5.682535165989181,10.0,-6.162992432529545,-0.7464152971220164], -480.843424
242, 18:14:39:47, [5.682535165989181,10.0,-6.162992442529545,-0.7464152871220163], -480.843424
243, 18:14:39:47, [5.850539094929628,10.0,-6.126086141319554,0.6979934447686185], -483.089397
244, 18:14:39:47, [5.850539104929628,10.0,-6.126086141319554,0.6979934447686185], -483.089397
245, 18:14:39:47, [5.850539094929628,9.99999999,-6.126086141319554,0.6979934447686185], -483.089397
246, 18:14:39:47, [5.850539094929628,10.0,-6.126086131319554,0.6979934447686185], -483.089397
247, 18:14:39:47, [5.850539094929628,10.0,-6.126086141319554,0.6979934547686185], -483.089397
248, 18:14:39:47, [5.844744697260881,10.0,-6.415056006539584,0.26404279348060505], -484.039246
249, 18:14:39:47, [5.844744707260881,10.0,-6.415056006539584,0.26404279348060505], -484.039246
250, 18:14:39:47, [5.844744697260881,9.99999999,-6.415056006539584,0.26404279348060505], -484.039246
251, 18:14:39:47, [5.844744697260881,10.0,-6.415055996539584,0.26404279348060505], -484.039246
252, 18:14:39:47, [5.844744697260881,10.0,-6.415056006539584,0.26404280348060505], -484.039246
253, 18:14:39:47, [5.822595338234201,10.0,-6.293636085492096,0.10730280409034937], -484.091476
254, 18:14:39:47, [5.822595348234201,10.0,-6.293636085492096,0.10730280409034937], -484.091476
255, 18:14:39:47, [5.822595338234201,9.99999999,-6.293636085492096,0.10730280409034937], -484.091476
256, 18:14:39:47, [5.822595338234201,10.0,-6.293636075492096,0.10730280409034937], -484.091476
257, 18:14:39:48, [5.822595338234201,10.0,-6.293636085492096,0.10730281409034936], -484.091476
258, 18:14:39:48, [5.8363758221606306,10.0,-6.325918606498973,0.16056939205439982], -484.105246
259, 18:14:39:48, [5.8363758321606305,10.0,-6.325918606498973,0.16056939205439982], -484.105246
260, 18:14:39:48, [5.8363758221606306,9.99999999,-6.325918606498973,0.16056939205439982], -484.105246
261, 18:14:39:48, [5.8363758221606306,10.0,-6.3259185964989735,0.16056939205439982], -484.105246
262, 18:14:39:48, [5.8363758221606306,10.0,-6.325918606498973,0.16056940205439982], -484.105246
263, 18:14:39:48, [5.836361145114589,10.0,-6.32717535552372,0.158453601637889], -484.105263
264, 18:14:39:48, [5.836361155114589,10.0,-6.32717535552372,0.158453601637889], -484.105263
265, 18:14:39:48, [5.836361145114589,9.99999999,-6.32717535552372,0.158453601637889], -484.105263
266, 18:14:39:48, [5.836361145114589,10.0,-6.32717534552372,0.158453601637889], -484.105263
267, 18:14:39:48, [5.836361145114589,10.0,-6.32717535552372,0.15845361163788899], -484.105263
268, 18:14:39:48, [5.836317654651516,10.0,-6.3269690991041445,0.15856594015050124], -484.105263
269, 18:14:39:48, [5.836317664651516,10.0,-6.3269690991041445,0.15856594015050124], -484.105263
270, 18:14:39:48, [5.836317654651516,9.99999999,-6.3269690991041445,0.15856594015050124], -484.105263
271, 18:14:39:48, [5.836317654651516,10.0,-6.326969089104145,0.15856594015050124], -484.105263
272, 18:14:39:48, [5.836317654651516,10.0,-6.3269690991041445,0.15856595015050123], -484.105263
273, 18:14:39:48, [-10.0,0.0,-10.0,0.0], -129.553970
274, 18:14:39:48, [-9.99999999,0.0,-10.0,0.0], -129.553971
275, 18:14:39:48, [-10.0,1e-08,-10.0,0.0], -129.553970
276, 18:14:39:48, [-10.0,0.0,-9.99999999,0.0], -129.553970
277, 18:14:39:48, [-10.0,0.0,-10.0,1e-08], -129.553970
278, 18:14:39:48, [10.0,10.0,-0.4431270983213391,1.1127042398584313], -438.486002
279, 18:14:39:48, [9.99999999,10.0,-0.4431270983213391,1.1127042398584313], -438.486002
280, 18:14:39:48, [10.0,9.99999999,-0.4431270983213391,1.1127042398584313], -438.486002
281, 18:14:39:48, [10.0,10.0,-0.4431270883213391,1.1127042398584313], -438.486002
282, 18:14:39:48, [10.0,10.0,-0.4431270983213391,1.1127042498584312], -438.486002
283, 18:14:39:48, [8.890284036544264,10.0,-5.497981780136484,-1.0264905644445221], -456.267681
284, 18:14:39:48, [8.890284046544265,10.0,-5.497981780136484,-1.0264905644445221], -456.267681
285, 18:14:39:49, [8.890284036544264,9.99999999,-5.497981780136484,-1.0264905644445221], -456.267681
286, 18:14:39:49, [8.890284036544264,10.0,-5.497981770136484,-1.0264905644445221], -456.267681
287, 18:14:39:49, [8.890284036544264,10.0,-5.497981780136484,-1.0264905544445222], -456.267681
288, 18:14:39:49, [4.645794926032419,10.0,-10.0,-0.4851861168791518], -442.686627
289, 18:14:39:49, [4.645794936032419,10.0,-10.0,-0.4851861168791518], -442.686627
290, 18:14:39:49, [4.645794926032419,9.99999999,-10.0,-0.4851861168791518], -442.686627
291, 18:14:39:49, [4.645794926032419,10.0,-9.99999999,-0.4851861168791518], -442.686627
292, 18:14:39:49, [4.645794926032419,10.0,-10.0,-0.4851861068791518], -442.686627
293, 18:14:39:49, [7.250453846641487,10.0,-7.237306631775527,-0.8173611846923151], -470.368223
294, 18:14:39:49, [7.250453856641487,10.0,-7.237306631775527,-0.8173611846923151], -470.368223
295, 18:14:39:49, [7.250453846641487,9.99999999,-7.237306631775527,-0.8173611846923151], -470.368223
296, 18:14:39:49, [7.250453846641487,10.0,-7.237306621775527,-0.8173611846923151], -470.368223
297, 18:14:39:49, [7.250453846641487,10.0,-7.237306631775527,-0.8173611746923151], -470.368223
298, 18:14:39:49, [0.07275221822147948,10.0,-8.657081224848497,1.860130051933658], -423.613308
299, 18:14:39:49, [0.07275222822147948,10.0,-8.657081224848497,1.860130051933658], -423.613309
300, 18:14:39:49, [0.07275221822147948,9.99999999,-8.657081224848497,1.860130051933658], -423.613308
301, 18:14:39:49, [0.07275221822147948,10.0,-8.657081214848496,1.860130051933658], -423.613309
302, 18:14:39:49, [0.07275221822147948,10.0,-8.657081224848497,1.860130061933658], -423.613308
303, 18:14:39:49, [5.736186889591613,10.0,-7.536833954593845,-0.25249561667262577], -477.780875
304, 18:14:39:49, [5.736186899591613,10.0,-7.536833954593845,-0.25249561667262577], -477.780875
305, 18:14:39:49, [5.736186889591613,9.99999999,-7.536833954593845,-0.25249561667262577], -477.780875
306, 18:14:39:49, [5.736186889591613,10.0,-7.5368339445938455,-0.25249561667262577], -477.780875
307, 18:14:39:49, [5.736186889591613,10.0,-7.536833954593845,-0.25249560667262577], -477.780875
308, 18:14:39:49, [6.180964608719066,10.0,-6.178602349337365,0.795826771904049], -482.374305
309, 18:14:39:49, [6.180964618719066,10.0,-6.178602349337365,0.795826771904049], -482.374305
310, 18:14:39:49, [6.180964608719066,9.99999999,-6.178602349337365,0.795826771904049], -482.374305
311, 18:14:39:49, [6.180964608719066,10.0,-6.178602339337365,0.795826771904049], -482.374305
312, 18:14:39:49, [6.180964608719066,10.0,-6.178602349337365,0.7958267819040491], -482.374305
313, 18:14:39:50, [5.8448455873084,10.0,-6.4035473081700935,0.3734387117950676], -483.933889
314, 18:14:39:50, [5.8448455973084,10.0,-6.4035473081700935,0.3734387117950676], -483.933889
315, 18:14:39:50, [5.8448455873084,9.99999999,-6.4035473081700935,0.3734387117950676], -483.933888
316, 18:14:39:50, [5.8448455873084,10.0,-6.403547298170094,0.3734387117950676], -483.933889
317, 18:14:39:50, [5.8448455873084,10.0,-6.4035473081700935,0.3734387217950676], -483.933888
318, 18:14:39:50, [5.836173310649373,10.0,-6.383737498789385,0.13722281734461678], -484.091737
319, 18:14:39:50, [5.836173320649373,10.0,-6.383737498789385,0.13722281734461678], -484.091737
320, 18:14:39:50, [5.836173310649373,9.99999999,-6.383737498789385,0.13722281734461678], -484.091737
321, 18:14:39:50, [5.836173310649373,10.0,-6.383737488789385,0.13722281734461678], -484.091737
322, 18:14:39:50, [5.836173310649373,10.0,-6.383737498789385,0.13722282734461677], -484.091737
323, 18:14:39:50, [5.8330663137522025,10.0,-6.335544523471435,0.1593658441745146], -484.104947
324, 18:14:39:50, [5.8330663237522025,10.0,-6.335544523471435,0.1593658441745146], -484.104947
325, 18:14:39:50, [5.8330663137522025,9.99999999,-6.335544523471435,0.1593658441745146], -484.104947
326, 18:14:39:50, [5.8330663137522025,10.0,-6.335544513471435,0.1593658441745146], -484.104947
327, 18:14:39:50, [5.8330663137522025,10.0,-6.335544523471435,0.1593658541745146], -484.104947
328, 18:14:39:50, [5.836475741531127,10.0,-6.327012556458504,0.15849717879195063], -484.105263
329, 18:14:39:50, [5.836475751531127,10.0,-6.327012556458504,0.15849717879195063], -484.105263
330, 18:14:39:50, [5.836475741531127,9.99999999,-6.327012556458504,0.15849717879195063], -484.105263
331, 18:14:39:50, [5.836475741531127,10.0,-6.327012546458504,0.15849717879195063], -484.105263
332, 18:14:39:50, [5.836475741531127,10.0,-6.327012556458504,0.15849718879195063], -484.105263
333, 18:14:39:50, [5.836313245788639,10.0,-6.326968355909857,0.15856472835982227], -484.105263
334, 18:14:39:50, [5.836313255788639,10.0,-6.326968355909857,0.15856472835982227], -484.105263
335, 18:14:39:50, [5.836313245788639,9.99999999,-6.326968355909857,0.15856472835982227], -484.105263
336, 18:14:39:50, [5.836313245788639,10.0,-6.326968345909857,0.15856472835982227], -484.105263
337, 18:14:39:50, [5.836313245788639,10.0,-6.326968355909857,0.15856473835982227], -484.105263
338, 18:14:39:50, [10.0,0.0,-10.0,0.0], -372.695464
339, 18:14:39:50, [9.99999999,0.0,-10.0,0.0], -372.695464
340, 18:14:39:50, [10.0,1e-08,-10.0,0.0], -372.695464
341, 18:14:39:51, [10.0,0.0,-9.99999999,0.0], -372.695464
342, 18:14:39:51, [10.0,0.0,-10.0,1e-08], -372.695464
343, 18:14:39:51, [7.288415667466027,10.0,-0.44312709832134267,1.112709924200317], -456.060502
344, 18:14:39:51, [7.288415677466027,10.0,-0.44312709832134267,1.112709924200317], -456.060502
345, 18:14:39:51, [7.288415667466027,9.99999999,-0.44312709832134267,1.112709924200317], -456.060502
346, 18:14:39:51, [7.288415667466027,10.0,-0.4431270883213427,1.112709924200317], -456.060502
347, 18:14:39:51, [7.288415667466027,10.0,-0.44312709832134267,1.1127099342003168], -456.060502
348, 18:14:39:51, [4.066203513104876,10.0,-3.5006267829882356,-0.3786641248126805], -460.653791
349, 18:14:39:51, [4.066203523104876,10.0,-3.5006267829882356,-0.3786641248126805], -460.653791
350, 18:14:39:51, [4.066203513104876,9.99999999,-3.5006267829882356,-0.3786641248126805], -460.653791
351, 18:14:39:51, [4.066203513104876,10.0,-3.5006267729882357,-0.3786641248126805], -460.653791
352, 18:14:39:51, [4.066203513104876,10.0,-3.5006267829882356,-0.37866411481268053], -460.653791
353, 18:14:39:51, [5.821465156037513,10.0,-4.304179629741256,0.186638514125378], -475.248159
354, 18:14:39:51, [5.8214651660375125,10.0,-4.304179629741256,0.186638514125378], -475.248159
355, 18:14:39:51, [5.821465156037513,9.99999999,-4.304179629741256,0.186638514125378], -475.248159
356, 18:14:39:51, [5.821465156037513,10.0,-4.304179619741256,0.186638514125378], -475.248159
357, 18:14:39:51, [5.821465156037513,10.0,-4.304179629741256,0.18663852412537799], -475.248159
358, 18:14:39:51, [7.001207196772709,10.0,-7.020199906158012,0.35720608391044506], -477.202811
359, 18:14:39:51, [7.001207206772709,10.0,-7.020199906158012,0.35720608391044506], -477.202811
360, 18:14:39:51, [7.001207196772709,9.99999999,-7.020199906158012,0.35720608391044506], -477.202811
361, 18:14:39:51, [7.001207196772709,10.0,-7.020199896158012,0.35720608391044506], -477.202811
362, 18:14:39:51, [7.001207196772709,10.0,-7.020199906158012,0.35720609391044505], -477.202811
363, 18:14:39:51, [6.254111705034896,10.0,-5.30022517107531,0.24919072290518174], -480.191789
364, 18:14:39:51, [6.254111715034896,10.0,-5.30022517107531,0.24919072290518174], -480.191789
365, 18:14:39:51, [6.254111705034896,9.99999999,-5.30022517107531,0.24919072290518174], -480.191789
366, 18:14:39:51, [6.254111705034896,10.0,-5.30022516107531,0.24919072290518174], -480.191789
367, 18:14:39:51, [6.254111705034896,10.0,-5.30022517107531,0.24919073290518173], -480.191789
368, 18:14:39:52, [8.226813344389388,10.0,-10.0,0.5252008487991984], -433.528622
369, 18:14:39:52, [8.226813354389389,10.0,-10.0,0.5252008487991984], -433.528622
370, 18:14:39:52, [8.226813344389388,9.99999999,-10.0,0.5252008487991984], -433.528622
371, 18:14:39:52, [8.226813344389388,10.0,-9.99999999,0.5252008487991984], -433.528622
372, 18:14:39:52, [8.226813344389388,10.0,-10.0,0.5252008587991984], -433.528622
373, 18:14:39:52, [6.423579703309501,10.0,-5.703966627314913,0.2729018014614332], -481.427492
374, 18:14:39:52, [6.4235797133095005,10.0,-5.703966627314913,0.2729018014614332], -481.427492
375, 18:14:39:52, [6.423579703309501,9.99999999,-5.703966627314913,0.2729018014614332], -481.427492
376, 18:14:39:52, [6.423579703309501,10.0,-5.703966617314913,0.2729018014614332], -481.427492
377, 18:14:39:52, [6.423579703309501,10.0,-5.703966627314913,0.2729018114614332], -481.427492
378, 18:14:39:52, [5.978614565289795,10.0,-6.590626546262885,0.3540246862957961], -483.636737
379, 18:14:39:52, [5.978614575289795,10.0,-6.590626546262885,0.3540246862957961], -483.636737
380, 18:14:39:52, [5.978614565289795,9.99999999,-6.590626546262885,0.3540246862957961], -483.636737
381, 18:14:39:52, [5.978614565289795,10.0,-6.590626536262885,0.3540246862957961], -483.636737
382, 18:14:39:52, [5.978614565289795,10.0,-6.590626546262885,0.3540246962957961], -483.636737
383, 18:14:39:52, [5.800042634056193,10.0,-6.268545185305435,0.19820233959138955], -484.082217
384, 18:14:39:52, [5.800042644056193,10.0,-6.268545185305435,0.19820233959138955], -484.082217
385, 18:14:39:52, [5.800042634056193,9.99999999,-6.268545185305435,0.19820233959138955], -484.082217
386, 18:14:39:52, [5.800042634056193,10.0,-6.268545175305435,0.19820233959138955], -484.082217
387, 18:14:39:52, [5.800042634056193,10.0,-6.268545185305435,0.19820234959138955], -484.082217
388, 18:14:39:52, [5.8388409490750215,10.0,-6.320785184940875,0.16239251476969074], -484.105047
389, 18:14:39:52, [5.838840959075021,10.0,-6.320785184940875,0.16239251476969074], -484.105047
390, 18:14:39:52, [5.8388409490750215,9.99999999,-6.320785184940875,0.16239251476969074], -484.105047
391, 18:14:39:52, [5.8388409490750215,10.0,-6.320785174940875,0.16239251476969074], -484.105047
392, 18:14:39:52, [5.8388409490750215,10.0,-6.320785184940875,0.16239252476969074], -484.105047
393, 18:14:39:52, [5.83591092644979,10.0,-6.327461299242897,0.15866522769753527], -484.105262
394, 18:14:39:52, [5.83591093644979,10.0,-6.327461299242897,0.15866522769753527], -484.105262
395, 18:14:39:52, [5.83591092644979,9.99999999,-6.327461299242897,0.15866522769753527], -484.105262
396, 18:14:39:53, [5.83591092644979,10.0,-6.327461289242897,0.15866522769753527], -484.105262
397, 18:14:39:53, [5.83591092644979,10.0,-6.327461299242897,0.15866523769753527], -484.105262
398, 18:14:39:53, [5.836332385395745,10.0,-6.326968170620313,0.1585489396497745], -484.105263
399, 18:14:39:53, [5.836332395395745,10.0,-6.326968170620313,0.1585489396497745], -484.105263
400, 18:14:39:53, [5.836332385395745,9.99999999,-6.326968170620313,0.1585489396497745], -484.105263
401, 18:14:39:53, [5.836332385395745,10.0,-6.326968160620313,0.1585489396497745], -484.105263
402, 18:14:39:53, [5.836332385395745,10.0,-6.326968170620313,0.1585489496497745], -484.105263
403, 18:14:39:53, [5.836319376670087,10.0,-6.326970973998177,0.15856707511151308], -484.105263
404, 18:14:39:53, [5.836319386670087,10.0,-6.326970973998177,0.15856707511151308], -484.105263
405, 18:14:39:53, [5.836319376670087,9.99999999,-6.326970973998177,0.15856707511151308], -484.105263
406, 18:14:39:53, [5.836319376670087,10.0,-6.3269709639981775,0.15856707511151308], -484.105263
407, 18:14:39:53, [5.836319376670087,10.0,-6.326970973998177,0.15856708511151307], -484.105263
408, 18:14:39:53, [0.0,10.0,-10.0,0.0], -412.695464
409, 18:14:39:53, [1e-08,10.0,-10.0,0.0], -412.695464
410, 18:14:39:53, [0.0,9.99999999,-10.0,0.0], -412.695464
411, 18:14:39:53, [0.0,10.0,-9.99999999,0.0], -412.695464
412, 18:14:39:53, [0.0,10.0,-10.0,1e-08], -412.695464
413, 18:14:39:53, [9.112710586123285,10.0,-0.44312709832134267,1.112709924200317], -441.746484
414, 18:14:39:53, [9.112710596123286,10.0,-0.44312709832134267,1.112709924200317], -441.746484
415, 18:14:39:53, [9.112710586123285,9.99999999,-0.44312709832134267,1.112709924200317], -441.746484
416, 18:14:39:53, [9.112710586123285,10.0,-0.4431270883213427,1.112709924200317], -441.746484
417, 18:14:39:53, [9.112710586123285,10.0,-0.44312709832134267,1.1127099342003168], -441.746484
418, 18:14:39:53, [5.8770774729839115,10.0,-5.058425552406144,-0.3514636056702768], -478.592993
419, 18:14:39:53, [5.877077482983911,10.0,-5.058425552406144,-0.3514636056702768], -478.592993
420, 18:14:39:53, [5.8770774729839115,9.99999999,-5.058425552406144,-0.3514636056702768], -478.592993
421, 18:14:39:53, [5.8770774729839115,10.0,-5.058425542406144,-0.3514636056702768], -478.592993
422, 18:14:39:53, [5.8770774729839115,10.0,-5.058425552406144,-0.3514635956702768], -478.592993
423, 18:14:39:53, [3.1306385117674775,10.0,-10.0,1.584223175704016], -425.497018
424, 18:14:39:54, [3.1306385217674775,10.0,-10.0,1.584223175704016], -425.497018
425, 18:14:39:54, [3.1306385117674775,9.99999999,-10.0,1.584223175704016], -425.497018
426, 18:14:39:54, [3.1306385117674775,10.0,-9.99999999,1.584223175704016], -425.497018
427, 18:14:39:54, [3.1306385117674775,10.0,-10.0,1.5842231857040159], -425.497018
428, 18:14:39:54, [5.51789374587473,10.0,-5.704692646974345,-0.09831135926387924], -482.175643
429, 18:14:39:54, [5.51789375587473,10.0,-5.704692646974345,-0.09831135926387924], -482.175643
430, 18:14:39:54, [5.51789374587473,9.99999999,-5.704692646974345,-0.09831135926387924], -482.175643
431, 18:14:39:54, [5.51789374587473,10.0,-5.704692636974345,-0.09831135926387924], -482.175643
432, 18:14:39:54, [5.51789374587473,10.0,-5.704692646974345,-0.09831134926387924], -482.175643
433, 18:14:39:54, [5.958093280737558,10.0,-7.006666040654627,0.3163026150791871], -482.169372
434, 18:14:39:54, [5.958093290737558,10.0,-7.006666040654627,0.3163026150791871], -482.169372
435, 18:14:39:54, [5.958093280737558,9.99999999,-7.006666040654627,0.3163026150791871], -482.169372
436, 18:14:39:54, [5.958093280737558,10.0,-7.006666030654627,0.3163026150791871], -482.169372
437, 18:14:39:54, [5.958093280737558,10.0,-7.006666040654627,0.3163026250791871], -482.169372
438, 18:14:39:54, [5.740943217843444,10.0,-6.364403652957565,0.1117738878204656], -484.056211
439, 18:14:39:54, [5.740943227843444,10.0,-6.364403652957565,0.1117738878204656], -484.056211
440, 18:14:39:54, [5.740943217843444,9.99999999,-6.364403652957565,0.1117738878204656], -484.056211
441, 18:14:39:54, [5.740943217843444,10.0,-6.364403642957565,0.1117738878204656], -484.056211
442, 18:14:39:54, [5.740943217843444,10.0,-6.364403652957565,0.1117738978204656], -484.056211
443, 18:14:39:54, [5.882952796581049,10.0,-6.271296385920176,0.23716633802427467], -484.064668
444, 18:14:39:54, [5.882952806581049,10.0,-6.271296385920176,0.23716633802427467], -484.064668
445, 18:14:39:54, [5.882952796581049,9.99999999,-6.271296385920176,0.23716633802427467], -484.064668
446, 18:14:39:54, [5.882952796581049,10.0,-6.271296375920176,0.23716633802427467], -484.064668
447, 18:14:39:54, [5.882952796581049,10.0,-6.271296385920176,0.23716634802427466], -484.064668
448, 18:14:39:54, [5.837494601472064,10.0,-6.328954464109943,0.16002179646852846], -484.105236
449, 18:14:39:54, [5.837494611472064,10.0,-6.328954464109943,0.16002179646852846], -484.105236
450, 18:14:39:55, [5.837494601472064,9.99999999,-6.328954464109943,0.16002179646852846], -484.105236
451, 18:14:39:55, [5.837494601472064,10.0,-6.328954454109943,0.16002179646852846], -484.105236
452, 18:14:39:55, [5.837494601472064,10.0,-6.328954464109943,0.16002180646852845], -484.105236
453, 18:14:39:55, [5.836115801442002,10.0,-6.326697988376441,0.15846789818591644], -484.105263
454, 18:14:39:55, [5.836115811442002,10.0,-6.326697988376441,0.15846789818591644], -484.105263
455, 18:14:39:55, [5.836115801442002,9.99999999,-6.326697988376441,0.15846789818591644], -484.105263
456, 18:14:39:55, [5.836115801442002,10.0,-6.326697978376441,0.15846789818591644], -484.105263
457, 18:14:39:55, [5.836115801442002,10.0,-6.326697988376441,0.15846790818591644], -484.105263
458, 18:14:39:55, [5.83631911919323,10.0,-6.326972828000375,0.15856561308453423], -484.105263
459, 18:14:39:55, [5.83631912919323,10.0,-6.326972828000375,0.15856561308453423], -484.105263
460, 18:14:39:55, [5.83631911919323,9.99999999,-6.326972828000375,0.15856561308453423], -484.105263
461, 18:14:39:55, [5.83631911919323,10.0,-6.3269728180003755,0.15856561308453423], -484.105263
462, 18:14:39:55, [5.83631911919323,10.0,-6.326972828000375,0.15856562308453423], -484.105263
463, 18:14:39:55, [0.0,10.0,10.0,10.0], -147.719923
464, 18:14:39:55, [0.0,10.0,10.0,0.0], -215.836958
465, 18:14:39:55, [-10.0,-10.0,0.0,10.0], 198.563065
466, 18:14:39:55, [-10.0,-10.0,0.0,0.0], 130.446030
467, 18:14:39:55, [-10.0,10.0,10.0,0.0], 15.421571
468, 18:14:39:55, [-10.0,0.0,10.0,10.0], 135.421571
469, 18:14:39:55, [-10.0,0.0,10.0,0.0], 67.304536
470, 18:14:39:55, [0.0,0.0,0.0,10.0], -303.953994
471, 18:14:39:55, [10.0,0.0,10.0,10.0], -107.719923
472, 18:14:39:55, [-10.0,10.0,0.0,10.0], -124.578429
473, 18:14:39:55, [10.0,0.0,10.0,0.0], -175.836958
474, 18:14:39:55, [10.0,10.0,0.0,10.0], -367.719923
475, 18:14:39:56, [10.0,-10.0,10.0,0.0], 95.421571
476, 18:14:39:56, [10.0,-10.0,0.0,10.0], -44.578429
477, 18:14:39:56, [0.0,-10.0,10.0,10.0], 175.421571
478, 18:14:39:56, [10.0,10.0,10.0,0.0], -227.719923
479, 18:14:39:56, [0.0,-10.0,10.0,0.0], 107.304536
480, 18:14:39:56, [0.0,-10.0,10.0,0.0], 107.304536
481, 18:14:39:56, [1e-08,-10.0,10.0,0.0], 107.304536
482, 18:14:39:56, [0.0,-9.99999999,10.0,0.0], 107.304535
483, 18:14:39:56, [0.0,-10.0,9.99999999,0.0], 107.304536
484, 18:14:39:56, [0.0,-10.0,10.0,1e-08], 107.304536
485, 18:14:39:56, [9.112716270465159,10.0,-10.0,1.1127212928840875], -425.523779
486, 18:14:39:56, [9.11271628046516,10.0,-10.0,1.1127212928840875], -425.523779
487, 18:14:39:56, [9.112716270465159,9.99999999,-10.0,1.1127212928840875], -425.523779
488, 18:14:39:56, [9.112716270465159,10.0,-9.99999999,1.1127212928840875], -425.523779
489, 18:14:39:56, [9.112716270465159,10.0,-10.0,1.1127213028840874], -425.523779
490, 18:14:39:56, [6.031889329356124,10.0,-4.479906107963099,-1.0271303230387132], -470.708552
491, 18:14:39:56, [6.031889339356124,10.0,-4.479906107963099,-1.0271303230387132], -470.708552
492, 18:14:39:56, [6.031889329356124,9.99999999,-4.479906107963099,-1.0271303230387132], -470.708552
493, 18:14:39:56, [6.031889329356124,10.0,-4.479906097963099,-1.0271303230387132], -470.708552
494, 18:14:39:56, [6.031889329356124,10.0,-4.479906107963099,-1.0271303130387133], -470.708552
495, 18:14:39:56, [5.981832875026643,10.0,-5.864311259464297,0.8025086572700243], -482.079053
496, 18:14:39:56, [5.981832885026643,10.0,-5.864311259464297,0.8025086572700243], -482.079053
497, 18:14:39:56, [5.981832875026643,9.99999999,-5.864311259464297,0.8025086572700243], -482.079053
498, 18:14:39:56, [5.981832875026643,10.0,-5.864311249464297,0.8025086572700243], -482.079053
499, 18:14:39:56, [5.981832875026643,10.0,-5.864311259464297,0.8025086672700243], -482.079053
500, 18:14:39:56, [6.051008862289759,10.0,-6.811177526987317,0.4633137894753755], -482.724169
501, 18:14:39:56, [6.051008872289759,10.0,-6.811177526987317,0.4633137894753755], -482.724169
502, 18:14:39:56, [6.051008862289759,9.99999999,-6.811177526987317,0.4633137894753755], -482.724169
503, 18:14:39:56, [6.051008862289759,10.0,-6.811177516987317,0.4633137894753755], -482.724169
504, 18:14:39:57, [6.051008862289759,10.0,-6.811177526987317,0.4633137994753755], -482.724169
505, 18:14:39:57, [5.672734948471286,10.0,-6.308192572868443,0.08831801793073273], -483.980035
506, 18:14:39:57, [5.672734958471286,10.0,-6.308192572868443,0.08831801793073273], -483.980035
507, 18:14:39:57, [5.672734948471286,9.99999999,-6.308192572868443,0.08831801793073273], -483.980035
508, 18:14:39:57, [5.672734948471286,10.0,-6.308192562868443,0.08831801793073273], -483.980035
509, 18:14:39:57, [5.672734948471286,10.0,-6.308192572868443,0.08831802793073272], -483.980035
510, 18:14:39:57, [5.88485405747472,10.0,-6.292414035816832,0.1604549601736043], -484.091445
511, 18:14:39:57, [5.88485406747472,10.0,-6.292414035816832,0.1604549601736043], -484.091445
512, 18:14:39:57, [5.88485405747472,9.99999999,-6.292414035816832,0.1604549601736043], -484.091445
513, 18:14:39:57, [5.88485405747472,10.0,-6.292414025816832,0.1604549601736043], -484.091445
514, 18:14:39:57, [5.88485405747472,10.0,-6.292414035816832,0.1604549701736043], -484.091445
515, 18:14:39:57, [5.8351597753618965,10.0,-6.329500496523294,0.16329822869034877], -484.105159
516, 18:14:39:57, [5.835159785361896,10.0,-6.329500496523294,0.16329822869034877], -484.105159
517, 18:14:39:57, [5.8351597753618965,9.99999999,-6.329500496523294,0.16329822869034877], -484.105159
518, 18:14:39:57, [5.8351597753618965,10.0,-6.329500486523294,0.16329822869034877], -484.105159
519, 18:14:39:57, [5.8351597753618965,10.0,-6.329500496523294,0.16329823869034876], -484.105159
520, 18:14:39:57, [5.83637714273637,10.0,-6.327127330825682,0.1572792774983479], -484.105258
521, 18:14:39:57, [5.83637715273637,10.0,-6.327127330825682,0.1572792774983479], -484.105258
522, 18:14:39:57, [5.83637714273637,9.99999999,-6.327127330825682,0.1572792774983479], -484.105258
523, 18:14:39:57, [5.83637714273637,10.0,-6.327127320825682,0.1572792774983479], -484.105258
524, 18:14:39:57, [5.83637714273637,10.0,-6.327127330825682,0.1572792874983479], -484.105258
525, 18:14:39:57, [5.836315510694471,10.0,-6.326896691505782,0.1586001866558537], -484.105263
526, 18:14:39:57, [5.836315520694471,10.0,-6.326896691505782,0.1586001866558537], -484.105263
527, 18:14:39:57, [5.836315510694471,9.99999999,-6.326896691505782,0.1586001866558537], -484.105263
528, 18:14:39:57, [5.836315510694471,10.0,-6.326896681505782,0.1586001866558537], -484.105263
529, 18:14:39:57, [5.836315510694471,10.0,-6.326896691505782,0.1586001966558537], -484.105263
530, 18:14:39:57, [5.836320054057784,10.0,-6.326977861145358,0.15856782533054398], -484.105263
531, 18:14:39:58, [5.836320064057784,10.0,-6.326977861145358,0.15856782533054398], -484.105263
532, 18:14:39:58, [5.836320054057784,9.99999999,-6.326977861145358,0.15856782533054398], -484.105263
533, 18:14:39:58, [5.836320054057784,10.0,-6.326977851145358,0.15856782533054398], -484.105263
534, 18:14:39:58, [5.836320054057784,10.0,-6.326977861145358,0.15856783533054397], -484.105263
535, 18:14:39:58, [-10.0,0.0,10.0,0.0], 67.304536
536, 18:14:39:58, [-9.99999999,0.0,10.0,0.0], 67.304535
537, 18:14:39:58, [-10.0,1e-08,10.0,0.0], 67.304536
538, 18:14:39:58, [-10.0,0.0,9.99999999,0.0], 67.304536
539, 18:14:39:58, [-10.0,0.0,10.0,1e-08], 67.304536
540, 18:14:39:58, [10.0,10.0,-10.0,1.1127212928842103], -422.263302
541, 18:14:39:58, [9.99999999,10.0,-10.0,1.1127212928842103], -422.263302
542, 18:14:39:58, [10.0,9.99999999,-10.0,1.1127212928842103], -422.263302
543, 18:14:39:58, [10.0,10.0,-9.99999999,1.1127212928842103], -422.263302
544, 18:14:39:58, [10.0,10.0,-10.0,1.1127213028842102], -422.263302
545, 18:14:39:58, [8.647271294128995,10.0,-4.581615805240129,-1.051215516444226], -452.450340
546, 18:14:39:58, [8.647271304128996,10.0,-4.581615805240129,-1.051215516444226], -452.450340
547, 18:14:39:58, [8.647271294128995,9.99999999,-4.581615805240129,-1.051215516444226], -452.450340
548, 18:14:39:58, [8.647271294128995,10.0,-4.581615795240129,-1.051215516444226], -452.450340
549, 18:14:39:58, [8.647271294128995,10.0,-4.581615805240129,-1.0512155064442261], -452.450340
550, 18:14:39:58, [7.051114808847888,10.0,-5.4177972907811665,0.577280614765801], -475.686388
551, 18:14:39:58, [7.051114818847888,10.0,-5.4177972907811665,0.577280614765801], -475.686388
552, 18:14:39:58, [7.051114808847888,9.99999999,-5.4177972907811665,0.577280614765801], -475.686388
553, 18:14:39:58, [7.051114808847888,10.0,-5.4177972807811665,0.577280614765801], -475.686388
554, 18:14:39:58, [7.051114808847888,10.0,-5.4177972907811665,0.577280624765801], -475.686388
555, 18:14:39:58, [2.747620552156126,10.0,-6.901116760095012,1.9202829973274356], -454.429511
556, 18:14:39:58, [2.747620562156126,10.0,-6.901116760095012,1.9202829973274356], -454.429511
557, 18:14:39:58, [2.747620552156126,9.99999999,-6.901116760095012,1.9202829973274356], -454.429511
558, 18:14:39:58, [2.747620552156126,10.0,-6.901116750095012,1.9202829973274356], -454.429511
559, 18:14:39:59, [2.747620552156126,10.0,-6.901116760095012,1.9202830073274355], -454.429511
560, 18:14:39:59, [6.082900335304394,10.0,-5.751519446177408,0.8794337645643944], -481.271473
561, 18:14:39:59, [6.0829003453043935,10.0,-5.751519446177408,0.8794337645643944], -481.271473
562, 18:14:39:59, [6.082900335304394,9.99999999,-5.751519446177408,0.8794337645643944], -481.271473
563, 18:14:39:59, [6.082900335304394,10.0,-5.751519436177408,0.8794337645643944], -481.271473
564, 18:14:39:59, [6.082900335304394,10.0,-5.751519446177408,0.8794337745643944], -481.271473
565, 18:14:39:59, [6.061802159910577,10.0,-7.269389272186006,0.6852985417557926], -479.607478
566, 18:14:39:59, [6.061802169910577,10.0,-7.269389272186006,0.6852985417557926], -479.607478
567, 18:14:39:59, [6.061802159910577,9.99999999,-7.269389272186006,0.6852985417557926], -479.607478
568, 18:14:39:59, [6.061802159910577,10.0,-7.269389262186006,0.6852985417557926], -479.607478
569, 18:14:39:59, [6.061802159910577,10.0,-7.269389272186006,0.6852985517557927], -479.607478
570, 18:14:39:59, [6.074367593394309,10.0,-6.3653920316821875,0.8009195935063633], -482.675567
571, 18:14:39:59, [6.074367603394309,10.0,-6.3653920316821875,0.8009195935063633], -482.675567
572, 18:14:39:59, [6.074367593394309,9.99999999,-6.3653920316821875,0.8009195935063633], -482.675567
573, 18:14:39:59, [6.074367593394309,10.0,-6.3653920216821875,0.8009195935063633], -482.675567
574, 18:14:39:59, [6.074367593394309,10.0,-6.3653920316821875,0.8009196035063634], -482.675567
575, 18:14:39:59, [5.792027856266116,10.0,-6.363941824031208,0.44463974653039023], -483.831947
576, 18:14:39:59, [5.792027866266116,10.0,-6.363941824031208,0.44463974653039023], -483.831947
577, 18:14:39:59, [5.792027856266116,9.99999999,-6.363941824031208,0.44463974653039023], -483.831947
578, 18:14:39:59, [5.792027856266116,10.0,-6.363941814031208,0.44463974653039023], -483.831947
579, 18:14:39:59, [5.792027856266116,10.0,-6.363941824031208,0.44463975653039023], -483.831947
580, 18:14:39:59, [5.839723670728261,10.0,-6.333985518769467,0.05602008396705874], -484.068926
581, 18:14:39:59, [5.839723680728261,10.0,-6.333985518769467,0.05602008396705874], -484.068926
582, 18:14:39:59, [5.839723670728261,9.99999999,-6.333985518769467,0.05602008396705874], -484.068926
583, 18:14:39:59, [5.839723670728261,10.0,-6.333985508769467,0.05602008396705874], -484.068926
584, 18:14:39:59, [5.839723670728261,10.0,-6.333985518769467,0.05602009396705874], -484.068926
585, 18:14:39:59, [5.836185709420903,10.0,-6.32477777704294,0.16786292400271968], -484.104954
586, 18:14:39:59, [5.836185719420903,10.0,-6.32477777704294,0.16786292400271968], -484.104954
587, 18:14:39:59, [5.836185709420903,9.99999999,-6.32477777704294,0.16786292400271968], -484.104954
588, 18:14:40:00, [5.836185709420903,10.0,-6.32477776704294,0.16786292400271968], -484.104954
589, 18:14:40:00, [5.836185709420903,10.0,-6.32477777704294,0.16786293400271968], -484.104954
590, 18:14:40:00, [5.836352267062136,10.0,-6.327182015722779,0.15883114801410467], -484.105263
591, 18:14:40:00, [5.836352277062136,10.0,-6.327182015722779,0.15883114801410467], -484.105263
592, 18:14:40:00, [5.836352267062136,9.99999999,-6.327182015722779,0.15883114801410467], -484.105263
593, 18:14:40:00, [5.836352267062136,10.0,-6.327182005722779,0.15883114801410467], -484.105263
594, 18:14:40:00, [5.836352267062136,10.0,-6.327182015722779,0.15883115801410466], -484.105263
595, 18:14:40:00, [5.836312198920756,10.0,-6.326932809303817,0.15855533326186888], -484.105263
596, 18:14:40:00, [5.836312208920756,10.0,-6.326932809303817,0.15855533326186888], -484.105263
597, 18:14:40:00, [5.836312198920756,9.99999999,-6.326932809303817,0.15855533326186888], -484.105263
598, 18:14:40:00, [5.836312198920756,10.0,-6.326932799303817,0.15855533326186888], -484.105263
599, 18:14:40:00, [5.836312198920756,10.0,-6.326932809303817,0.15855534326186888], -484.105263
600, 18:14:40:00, [10.0,0.0,10.0,0.0], -175.836958
601, 18:14:40:00, [9.99999999,0.0,10.0,0.0], -175.836958
602, 18:14:40:00, [10.0,1e-08,10.0,0.0], -175.836958
603, 18:14:40:00, [10.0,0.0,9.99999999,0.0], -175.836958
604, 18:14:40:00, [10.0,0.0,10.0,1e-08], -175.836958
605, 18:14:40:00, [7.28841566746603,10.0,-10.0,1.11270423985843], -439.837898
606, 18:14:40:00, [7.28841567746603,10.0,-10.0,1.11270423985843], -439.837898
607, 18:14:40:00, [7.28841566746603,9.99999999,-10.0,1.11270423985843], -439.837898
608, 18:14:40:00, [7.28841566746603,10.0,-9.99999999,1.11270423985843], -439.837898
609, 18:14:40:00, [7.28841566746603,10.0,-10.0,1.1127042498584299], -439.837898
610, 18:14:40:00, [3.4788909029408104,10.0,-5.897268453776885,-0.8135545156406687], -463.568485
611, 18:14:40:00, [3.4788909129408103,10.0,-5.897268453776885,-0.8135545156406687], -463.568485
612, 18:14:40:00, [3.4788909029408104,9.99999999,-5.897268453776885,-0.8135545156406687], -463.568485
613, 18:14:40:00, [3.4788909029408104,10.0,-5.897268443776885,-0.8135545156406687], -463.568485
614, 18:14:40:00, [3.4788909029408104,10.0,-5.897268453776885,-0.8135545056406687], -463.568485
615, 18:14:40:00, [5.685815620341528,10.0,-6.415332206006777,0.556636122226796], -483.494372
616, 18:14:40:01, [5.685815630341528,10.0,-6.415332206006777,0.556636122226796], -483.494372
617, 18:14:40:01, [5.685815620341528,9.99999999,-6.415332206006777,0.556636122226796], -483.494372
618, 18:14:40:01, [5.685815620341528,10.0,-6.415332196006777,0.556636122226796], -483.494372
619, 18:14:40:01, [5.685815620341528,10.0,-6.415332206006777,0.5566361322267961], -483.494372
620, 18:14:40:01, [6.094998798227003,10.0,-6.15800395109174,0.2109707519697209], -483.727383
621, 18:14:40:01, [6.094998808227003,10.0,-6.15800395109174,0.2109707519697209], -483.727383
622, 18:14:40:01, [6.094998798227003,9.99999999,-6.15800395109174,0.2109707519697209], -483.727383
623, 18:14:40:01, [6.094998798227003,10.0,-6.15800394109174,0.2109707519697209], -483.727383
624, 18:14:40:01, [6.094998798227003,10.0,-6.15800395109174,0.2109707619697209], -483.727383
625, 18:14:40:01, [5.823423673049658,10.0,-6.3890793623578315,0.06692817661760891], -484.061461
626, 18:14:40:01, [5.823423683049658,10.0,-6.3890793623578315,0.06692817661760891], -484.061461
627, 18:14:40:01, [5.823423673049658,9.99999999,-6.3890793623578315,0.06692817661760891], -484.061461
628, 18:14:40:01, [5.823423673049658,10.0,-6.3890793523578315,0.06692817661760891], -484.061461
629, 18:14:40:01, [5.823423673049658,10.0,-6.3890793623578315,0.06692818661760891], -484.061461
630, 18:14:40:01, [5.805917896943497,10.0,-6.299240512194365,0.1829502470652447], -484.096738
631, 18:14:40:01, [5.805917906943497,10.0,-6.299240512194365,0.1829502470652447], -484.096738
632, 18:14:40:01, [5.805917896943497,9.99999999,-6.299240512194365,0.1829502470652447], -484.096738
633, 18:14:40:01, [5.805917896943497,10.0,-6.299240502194365,0.1829502470652447], -484.096738
634, 18:14:40:01, [5.805917896943497,10.0,-6.299240512194365,0.1829502570652447], -484.096738
635, 18:14:40:01, [5.846760264867674,10.0,-6.333574536766329,0.16677516277607815], -484.104439
636, 18:14:40:01, [5.846760274867674,10.0,-6.333574536766329,0.16677516277607815], -484.104439
637, 18:14:40:01, [5.846760264867674,9.99999999,-6.333574536766329,0.16677516277607815], -484.104439
638, 18:14:40:01, [5.846760264867674,10.0,-6.333574526766329,0.16677516277607815], -484.104439
639, 18:14:40:01, [5.846760264867674,10.0,-6.333574536766329,0.16677517277607815], -484.104439
640, 18:14:40:01, [5.835911196733716,10.0,-6.32583537273325,0.1546826138817384], -484.105207
641, 18:14:40:01, [5.835911206733716,10.0,-6.32583537273325,0.1546826138817384], -484.105207
642, 18:14:40:01, [5.835911196733716,9.99999999,-6.32583537273325,0.1546826138817384], -484.105207
643, 18:14:40:02, [5.835911196733716,10.0,-6.32583536273325,0.1546826138817384], -484.105207
644, 18:14:40:02, [5.835911196733716,10.0,-6.32583537273325,0.1546826238817384], -484.105207
645, 18:14:40:02, [5.836053646626916,10.0,-6.327023695533895,0.15882072901871808], -484.105263
646, 18:14:40:02, [5.836053656626916,10.0,-6.327023695533895,0.15882072901871808], -484.105263
647, 18:14:40:02, [5.836053646626916,9.99999999,-6.327023695533895,0.15882072901871808], -484.105263
648, 18:14:40:02, [5.836053646626916,10.0,-6.327023685533895,0.15882072901871808], -484.105263
649, 18:14:40:02, [5.836053646626916,10.0,-6.327023695533895,0.15882073901871807], -484.105263
650, 18:14:40:02, [5.836350083462231,10.0,-6.326965090833829,0.15856806463376233], -484.105263
651, 18:14:40:02, [5.836350093462231,10.0,-6.326965090833829,0.15856806463376233], -484.105263
652, 18:14:40:02, [5.836350083462231,9.99999999,-6.326965090833829,0.15856806463376233], -484.105263
653, 18:14:40:02, [5.836350083462231,10.0,-6.326965080833829,0.15856806463376233], -484.105263
654, 18:14:40:02, [5.836350083462231,10.0,-6.326965090833829,0.15856807463376232], -484.105263
655, 18:14:40:02, [0.0,10.0,10.0,0.0], -215.836958
656, 18:14:40:02, [1e-08,10.0,10.0,0.0], -215.836958
657, 18:14:40:02, [0.0,9.99999999,10.0,0.0], -215.836958
658, 18:14:40:02, [0.0,10.0,9.99999999,0.0], -215.836958
659, 18:14:40:02, [0.0,10.0,10.0,1e-08], -215.836958
660, 18:14:40:02, [9.112704901781411,10.0,-10.0,1.1127042398584324], -425.523909
661, 18:14:40:02, [9.112704911781412,10.0,-10.0,1.1127042398584324], -425.523909
662, 18:14:40:02, [9.112704901781411,9.99999999,-10.0,1.1127042398584324], -425.523909
663, 18:14:40:02, [9.112704901781411,10.0,-9.99999999,1.1127042398584324], -425.523909
664, 18:14:40:02, [9.112704901781411,10.0,-10.0,1.1127042498584323], -425.523909
665, 18:14:40:02, [5.947095291124857,10.0,-4.534261783231226,-0.7584372536618087], -473.282080
666, 18:14:40:02, [5.947095301124857,10.0,-4.534261783231226,-0.7584372536618087], -473.282080
667, 18:14:40:02, [5.947095291124857,9.99999999,-4.534261783231226,-0.7584372536618087], -473.282080
668, 18:14:40:02, [5.947095291124857,10.0,-4.5342617732312265,-0.7584372536618087], -473.282080
669, 18:14:40:02, [5.947095291124857,10.0,-4.534261783231226,-0.7584372436618086], -473.282080
670, 18:14:40:02, [6.0611924800322265,10.0,-6.058872593760352,0.7873426460979805], -482.494999
671, 18:14:40:02, [6.0611924900322265,10.0,-6.058872593760352,0.7873426460979805], -482.494999
672, 18:14:40:03, [6.0611924800322265,9.99999999,-6.058872593760352,0.7873426460979805], -482.494999
673, 18:14:40:03, [6.0611924800322265,10.0,-6.058872583760352,0.7873426460979805], -482.494999
674, 18:14:40:03, [6.0611924800322265,10.0,-6.058872593760352,0.7873426560979806], -482.494999
675, 18:14:40:03, [5.864440809549977,10.0,-6.6747780351305686,0.3399657904336444], -483.532835
676, 18:14:40:03, [5.864440819549977,10.0,-6.6747780351305686,0.3399657904336444], -483.532835
677, 18:14:40:03, [5.864440809549977,9.99999999,-6.6747780351305686,0.3399657904336444], -483.532835
678, 18:14:40:03, [5.864440809549977,10.0,-6.674778025130569,0.3399657904336444], -483.532835
679, 18:14:40:03, [5.864440809549977,10.0,-6.6747780351305686,0.3399658004336444], -483.532835
680, 18:14:40:03, [5.631952541311051,10.0,-6.194363817007109,0.0039927787716076135], -483.791599
681, 18:14:40:03, [5.631952551311051,10.0,-6.194363817007109,0.0039927787716076135], -483.791599
682, 18:14:40:03, [5.631952541311051,9.99999999,-6.194363817007109,0.0039927787716076135], -483.791599
683, 18:14:40:03, [5.631952541311051,10.0,-6.194363807007109,0.0039927787716076135], -483.791599
684, 18:14:40:03, [5.631952541311051,10.0,-6.194363817007109,0.0039927887716076135], -483.791599
685, 18:14:40:03, [5.895299139632198,10.0,-6.299684133420265,0.1507555146047816], -484.088418
686, 18:14:40:03, [5.895299149632198,10.0,-6.299684133420265,0.1507555146047816], -484.088418
687, 18:14:40:03, [5.895299139632198,9.99999999,-6.299684133420265,0.1507555146047816], -484.088418
688, 18:14:40:03, [5.895299139632198,10.0,-6.299684123420265,0.1507555146047816], -484.088418
689, 18:14:40:03, [5.895299139632198,10.0,-6.299684133420265,0.1507555246047816], -484.088418
690, 18:14:40:03, [5.824652581366091,10.0,-6.3343072516286405,0.17731768011179255], -484.103338
691, 18:14:40:03, [5.824652591366091,10.0,-6.3343072516286405,0.17731768011179255], -484.103338
692, 18:14:40:03, [5.824652581366091,9.99999999,-6.3343072516286405,0.17731768011179255], -484.103338
693, 18:14:40:03, [5.824652581366091,10.0,-6.334307241628641,0.17731768011179255], -484.103338
694, 18:14:40:03, [5.824652581366091,10.0,-6.3343072516286405,0.17731769011179255], -484.103338
695, 18:14:40:03, [5.835994916612043,10.0,-6.328372615405628,0.15547185757636806], -484.105223
696, 18:14:40:03, [5.8359949266120426,10.0,-6.328372615405628,0.15547185757636806], -484.105223
697, 18:14:40:03, [5.835994916612043,9.99999999,-6.328372615405628,0.15547185757636806], -484.105223
698, 18:14:40:03, [5.835994916612043,10.0,-6.328372605405628,0.15547185757636806], -484.105223
699, 18:14:40:03, [5.835994916612043,10.0,-6.328372615405628,0.15547186757636805], -484.105223
700, 18:14:40:03, [5.836531342220527,10.0,-6.326506247467204,0.15885446022403635], -484.105262
701, 18:14:40:04, [5.836531352220527,10.0,-6.326506247467204,0.15885446022403635], -484.105262
702, 18:14:40:04, [5.836531342220527,9.99999999,-6.326506247467204,0.15885446022403635], -484.105262
703, 18:14:40:04, [5.836531342220527,10.0,-6.326506237467204,0.15885446022403635], -484.105262
704, 18:14:40:04, [5.836531342220527,10.0,-6.326506247467204,0.15885447022403634], -484.105262
705, 18:14:40:04, [5.836313313082257,10.0,-6.3269889216391135,0.15857909618171437], -484.105263
706, 18:14:40:04, [5.836313323082257,10.0,-6.3269889216391135,0.15857909618171437], -484.105263
707, 18:14:40:04, [5.836313313082257,9.99999999,-6.3269889216391135,0.15857909618171437], -484.105263
708, 18:14:40:04, [5.836313313082257,10.0,-6.326988911639114,0.15857909618171437], -484.105263
709, 18:14:40:04, [5.836313313082257,10.0,-6.3269889216391135,0.15857910618171436], -484.105263
710, 18:14:40:04, [5.836319601576702,10.0,-6.326970712938484,0.15856638376524232], -484.105263
711, 18:14:40:04, [5.836319611576702,10.0,-6.326970712938484,0.15856638376524232], -484.105263
712, 18:14:40:04, [5.836319601576702,9.99999999,-6.326970712938484,0.15856638376524232], -484.105263
713, 18:14:40:04, [5.836319601576702,10.0,-6.326970702938484,0.15856638376524232], -484.105263
714, 18:14:40:04, [5.836319601576702,10.0,-6.326970712938484,0.15856639376524231], -484.105263
715, 18:14:40:04, [10.0,10.0,10.0,0.0], -227.719923
716, 18:14:40:04, [9.99999999,10.0,10.0,0.0], -227.719923
717, 18:14:40:04, [10.0,9.99999999,10.0,0.0], -227.719923
718, 18:14:40:04, [10.0,10.0,9.99999999,0.0], -227.719923
719, 18:14:40:04, [10.0,10.0,10.0,1e-08], -227.719923
720, 18:14:40:04, [7.2884156674660145,10.0,-10.0,1.112709924200322], -439.837874
721, 18:14:40:04, [7.2884156774660145,10.0,-10.0,1.112709924200322], -439.837874
722, 18:14:40:04, [7.2884156674660145,9.99999999,-10.0,1.112709924200322], -439.837874
723, 18:14:40:04, [7.2884156674660145,10.0,-9.99999999,1.112709924200322], -439.837874
724, 18:14:40:04, [7.2884156674660145,10.0,-10.0,1.112709934200322], -439.837874
725, 18:14:40:04, [3.9348866571221235,10.0,-5.812825507825082,-0.6586542762008392], -468.839411
726, 18:14:40:04, [3.9348866671221234,10.0,-5.812825507825082,-0.6586542762008392], -468.839412
727, 18:14:40:04, [3.9348866571221235,9.99999999,-5.812825507825082,-0.6586542762008392], -468.839411
728, 18:14:40:05, [3.9348866571221235,10.0,-5.812825497825082,-0.6586542762008392], -468.839411
729, 18:14:40:05, [3.9348866571221235,10.0,-5.812825507825082,-0.6586542662008391], -468.839411
730, 18:14:40:05, [6.194940934579877,10.0,-6.137688636782139,0.5170438986820965], -483.066384
731, 18:14:40:05, [6.194940944579877,10.0,-6.137688636782139,0.5170438986820965], -483.066384
732, 18:14:40:05, [6.194940934579877,9.99999999,-6.137688636782139,0.5170438986820965], -483.066384
733, 18:14:40:05, [6.194940934579877,10.0,-6.137688626782139,0.5170438986820965], -483.066384
734, 18:14:40:05, [6.194940934579877,10.0,-6.137688636782139,0.5170439086820966], -483.066384
735, 18:14:40:05, [5.589027671815589,10.0,-6.978275775252655,0.23257909387162967], -482.195576
736, 18:14:40:05, [5.589027681815589,10.0,-6.978275775252655,0.23257909387162967], -482.195576
737, 18:14:40:05, [5.589027671815589,9.99999999,-6.978275775252655,0.23257909387162967], -482.195575
738, 18:14:40:05, [5.589027671815589,10.0,-6.978275765252655,0.23257909387162967], -482.195576
739, 18:14:40:05, [5.589027671815589,10.0,-6.978275775252655,0.23257910387162967], -482.195575
740, 18:14:40:05, [5.951259284544981,10.0,-6.475749665461573,0.4026399777366728], -483.778104
741, 18:14:40:05, [5.951259294544981,10.0,-6.475749665461573,0.4026399777366728], -483.778104
742, 18:14:40:05, [5.951259284544981,9.99999999,-6.475749665461573,0.4026399777366728], -483.778104
743, 18:14:40:05, [5.951259284544981,10.0,-6.475749655461573,0.4026399777366728], -483.778104
744, 18:14:40:05, [5.951259284544981,10.0,-6.475749665461573,0.4026399877366728], -483.778104
745, 18:14:40:05, [5.671385704694108,10.0,-6.1921076620085245,0.09702426850290545], -483.917461
746, 18:14:40:05, [5.671385714694108,10.0,-6.1921076620085245,0.09702426850290545], -483.917461
747, 18:14:40:05, [5.671385704694108,9.99999999,-6.1921076620085245,0.09702426850290545], -483.917461
748, 18:14:40:05, [5.671385704694108,10.0,-6.1921076520085245,0.09702426850290545], -483.917461
749, 18:14:40:05, [5.671385704694108,10.0,-6.1921076620085245,0.09702427850290544], -483.917461
750, 18:14:40:05, [5.837149755332919,10.0,-6.325249721994819,0.1606041664672493], -484.105236
751, 18:14:40:05, [5.837149765332919,10.0,-6.325249721994819,0.1606041664672493], -484.105236
752, 18:14:40:05, [5.837149755332919,9.99999999,-6.325249721994819,0.1606041664672493], -484.105236
753, 18:14:40:05, [5.837149755332919,10.0,-6.325249711994819,0.1606041664672493], -484.105236
754, 18:14:40:05, [5.837149755332919,10.0,-6.325249721994819,0.16060417646724928], -484.105236
755, 18:14:40:05, [5.8363323815155566,10.0,-6.327083258197297,0.15841751439426238], -484.105263
756, 18:14:40:05, [5.8363323915155565,10.0,-6.327083258197297,0.15841751439426238], -484.105263
757, 18:14:40:06, [5.8363323815155566,9.99999999,-6.327083258197297,0.15841751439426238], -484.105263
758, 18:14:40:06, [5.8363323815155566,10.0,-6.327083248197297,0.15841751439426238], -484.105263
759, 18:14:40:06, [5.8363323815155566,10.0,-6.327083258197297,0.15841752439426238], -484.105263
760, 18:14:40:06, [5.836317390737593,10.0,-6.326972490237543,0.1585682067149384], -484.105263
761, 18:14:40:06, [5.836317400737593,10.0,-6.326972490237543,0.1585682067149384], -484.105263
762, 18:14:40:06, [5.836317390737593,9.99999999,-6.326972490237543,0.1585682067149384], -484.105263
763, 18:14:40:06, [5.836317390737593,10.0,-6.326972480237543,0.1585682067149384], -484.105263
764, 18:14:40:06, [5.836317390737593,10.0,-6.326972490237543,0.1585682167149384], -484.105263
765, 18:14:40:06, [-10.0,0.0,0.0,10.0], -72.695464
766, 18:14:40:06, [0.0,-10.0,0.0,0.0], -100.812500
