start_time : 2024_11_18_15:08:39
name : labopt_logs\lab_opt_2024_11\optimization__2024-11-18-15-08__dual_annealing__.txt
method : dual_annealing
args : (6, 8, -5, 2)
paras_init : array([3, 0, 4, 2])
bounds : ((-10, 10), (-10, 10), (-10, 10), (-10, 10))
max_run : 10
form : rounds, time, parameters, cost 


0, 18:15:08:39, [3,0,4,2], -402.751738
1, 18:15:08:39, [2.662288434803486,-0.33771156519651413,3.662288434803486,-5.2168162651360035], -369.401475
2, 18:15:08:39, [7.819692235440016,-9.101097613573074,8.819692235440016,-0.05941246449947357], 473.969273
3, 18:15:08:39, [-7.721570894122124,9.278429105877876,-6.721570894122124,-6.384090781211853], 218.243167
4, 18:15:08:39, [7.451320752501488,-8.030424606986344,-4.030424606986344,7.090470693074167], 117.292229
5, 18:15:08:39, [4.0044048726558685,-8.030424606986344,-4.030424606986344,7.090470693074167], -26.905005
6, 18:15:08:39, [4.0044048726558685,9.098537772893906,-4.030424606986344,7.090470693074167], -375.783159
7, 18:15:08:39, [4.0044048726558685,9.098537772893906,8.647885262966156,7.090470693074167], 142.986402
8, 18:15:08:39, [4.0044048726558685,9.098537772893906,8.647885262966156,-8.65465334057808], 409.055025
9, 18:15:08:39, [8.058326914906502,-8.324796631932259,-7.298192694783211,9.667136281728745], 580.805546
10, 18:15:08:40, [-0.23867631703615189,-1.8571053445339203,-2.30775785446167,-3.8651724234223366], -430.068630
11, 18:15:08:40, [-8.759664108976722,8.328323647379875,9.17125435359776,-9.834644876420498], 1277.613315
12, 18:15:08:40, [-6.5670983493328094,-8.185527384281158,-8.636179894208908,0.5461722910404205], 201.048993
13, 18:15:08:40, [8.017711102962494,-1.8571053445339203,-2.30775785446167,-3.8651724234223366], -286.535242
14, 18:15:08:40, [-0.23867631703615189,8.52267613587901,-2.30775785446167,-3.8651724234223366], -347.256153
15, 18:15:08:40, [-0.23867631703615189,8.52267613587901,-4.299527280032635,-3.8651724234223366], -336.294133
16, 18:15:08:40, [-0.23867631703615189,8.52267613587901,-4.299527280032635,7.2888408079743385], -324.559858
17, 18:15:08:40, [8.747419077903032,3.473060369491577,-9.3491430580616,2.2392250299453735], -311.312926
18, 18:15:08:40, [7.706684917211533,1.4079068452119827,7.249190477654338,-1.1624414343386889], -197.210013
19, 18:15:08:40, [-5.084287077188492,6.774674486368895,-3.1808492094278336,5.540839146822691], -269.186777
20, 18:15:08:40, [-7.841187983751297,-0.6420322898775339,1.9812025669962168,-9.297109076753259], 32.453100
21, 18:15:08:40, [-9.716907653957605,6.774674486368895,-3.1808492094278336,5.540839146822691], 70.125645
22, 18:15:08:40, [-5.084287077188492,-1.9597438462078571,-3.1808492094278336,5.540839146822691], -312.747569
23, 18:15:08:40, [-5.084287077188492,-1.9597438462078571,8.383963057771325,5.540839146822691], -83.650914
24, 18:15:08:40, [-5.084287077188492,-1.9597438462078571,-3.1808492094278336,2.4886251278221607], -361.440771
25, 18:15:08:40, [9.159807115793228,-7.715649649500847,-0.7653765007853508,4.904097840189934], 25.999072
26, 18:15:08:40, [-5.6968687400221825,5.9114294201135635,-4.349702287465334,-3.9861401189118624], -246.465421
27, 18:15:08:40, [-7.672446332871914,-6.000099841505289,-7.2212052047252655,-1.5517308674752712], -14.694223
28, 18:15:08:40, [3.4435932487249374,-8.904775768518448,-2.882997326552868,8.403204277157784], 128.246192
29, 18:15:08:40, [-6.762243777513504,-1.9597438462078571,-3.1808492094278336,2.4886251278221607], -321.270989
30, 18:15:08:40, [-5.084287077188492,-9.666810318827629,-3.1808492094278336,2.4886251278221607], -27.417525
31, 18:15:08:40, [-5.084287077188492,-1.9597438462078571,9.77964211627841,2.4886251278221607], -67.474519
32, 18:15:08:40, [-5.084287077188492,-1.9597438462078571,-3.1808492094278336,-1.184234157204628], -400.099416
33, 18:15:08:40, [8.58206345885992,-8.293393313884735,-9.867785923182964,-7.517883621156216], 768.677517
34, 18:15:08:40, [3.0575534030795097,8.693813126534224,4.960991270840168,0.6820423416793346], -293.569289
35, 18:15:08:40, [6.373788259923458,2.6021317029371858,-7.864681586623192,-9.726158820092678], -11.959755
36, 18:15:08:40, [0.08303358405828476,1.783187910914421,-3.6385450772941113,-0.3980446234345436], -443.498361
37, 18:15:08:40, [5.458651483757421,1.783187910914421,-3.6385450772941113,-0.3980446234345436], -438.484201
38, 18:15:08:40, [5.458651483757421,9.772889755666256,-3.6385450772941113,-0.3980446234345436], -458.298547
39, 18:15:08:41, [5.458651483757421,9.772889755666256,3.844670869410038,-0.3980446234345436], -310.676034
40, 18:15:08:41, [5.458651483757421,9.772889755666256,-3.6385450772941113,7.022768454626203], -388.243998
41, 18:15:08:41, [5.674948006868362,5.2524691969156265,-3.4222485572099686,-4.918465182185173], -395.840794
42, 18:15:08:41, [1.4915158972144127,3.7659967839717865,4.103278491646051,-1.2011778652668], -404.248186
43, 18:15:08:41, [-4.538683325052261,1.1788230650126934,7.767388232052326,1.7052369639277458], -251.069860
44, 18:15:08:41, [-3.45814411342144,0.8560941517353058,9.354362085461617,-7.405137460678816], 58.286402
45, 18:15:08:41, [1.63355677947402,9.772889755666256,-3.6385450772941113,-0.3980446234345436], -410.002428
46, 18:15:08:41, [5.458651483757421,-6.196066817268729,-3.6385450772941113,-0.3980446234345436], -305.417427
47, 18:15:08:41, [5.458651483757421,9.772889755666256,-3.9510350804775953,-0.3980446234345436], -460.235774
48, 18:15:08:41, [5.458651483757421,9.772889755666256,-3.9510350804775953,2.9876346588134766], -447.294604
49, 18:15:08:41, [-8.97041142731905,-5.833802342414856,9.994465433061123,3.817991517484188], 527.160370
50, 18:15:08:41, [8.69905975065194,9.439980082213879,-6.5807725340127945,-8.259649604558945], -32.283549
51, 18:15:08:41, [-8.91652625054121,3.6090127024799585,-3.553296647965908,1.7255791425704956], -160.382517
52, 18:15:08:41, [4.243758051656187,-1.7080507650971413,-2.4549526423215866,8.12101485580206], -290.009508
53, 18:15:08:41, [-0.8386402279138565,9.772889755666256,-3.9510350804775953,-0.3980446234345436], -382.383465
54, 18:15:08:41, [5.458651483757421,8.404670186340809,-3.9510350804775953,-0.3980446234345436], -466.904193
55, 18:15:08:41, [5.458651483757421,8.404670186340809,1.2535381987690926,-0.3980446234345436], -413.887724
56, 18:15:08:41, [5.458651483757421,8.404670186340809,-3.9510350804775953,1.8361207321286201], -457.926282
57, 18:15:08:41, [-0.7114652097225189,-4.850248122093035,-7.767620645463467,-6.542529784142971], -132.433547
58, 18:15:08:41, [1.2506919521838427,6.209910040721297,-6.145795226097107,2.7741154804825783], -444.086195
59, 18:15:08:41, [5.333402402698994,0.8307550670579076,-9.20694749802351,7.601673734374344], -236.200363
60, 18:15:08:41, [2.2125577572733164,-7.165446192026138,3.9400203498080373,-8.262312959879637], -33.619959
61, 18:15:08:41, [-3.5699733491055667,8.404670186340809,-3.9510350804775953,-0.3980446234345436], -310.553223
62, 18:15:08:41, [5.458651483757421,4.665801450610161,-3.9510350804775953,-0.3980446234345436], -472.999979
63, 18:15:08:41, [5.458651483757421,4.665801450610161,5.189539148937911,-0.3980446234345436], -377.919982
64, 18:15:08:41, [5.458651483757421,4.665801450610161,-3.9510350804775953,0.855468638241291], -469.191466
65, 18:15:08:41, [9.578654430806637,-1.7127091884613037,0.1689678654074669,-4.002922341227531], -229.412332
66, 18:15:08:41, [4.556244317442179,3.76339428499341,-9.127637129276991,0.006438647513277829], -402.296410
67, 18:15:08:42, [6.90110944211483,-7.4797963462769985,1.1357517186552286,6.282489154487848], -62.495762
68, 18:15:08:42, [8.352377604693174,-7.301965661346912,-2.0231331139802933,-3.9428202379494905], -41.700296
69, 18:15:08:42, [-2.009529875998851,4.665801450610161,-3.9510350804775953,0.855468638241291], -413.588704
70, 18:15:08:42, [5.458651483757421,-8.411251813173294,-3.9510350804775953,0.855468638241291], -153.601685
71, 18:15:08:42, [5.458651483757421,4.665801450610161,-2.399373695254326,0.855468638241291], -471.992171
72, 18:15:08:42, [5.458651483757421,4.665801450610161,-2.399373695254326,6.634527638554573], -433.242711
73, 18:15:08:42, [-0.29655213200021535,4.904847966507077,9.077289924025536,-4.273734554648399], -115.030542
74, 18:15:08:42, [8.716598138213158,5.777778118848801,-9.617641817079857,1.4737531674909405], -360.505219
75, 18:15:08:42, [-3.607399672269821,-4.40024970471859,-9.681421221233904,-1.2873797193169594], -85.961513
76, 18:15:08:42, [4.1863052546978,-5.5976653806865215,-5.725148230791092,-9.407998193055391], 81.042365
77, 18:15:08:42, [-8.472172777168453,4.665801450610161,-2.399373695254326,0.855468638241291], -227.030047
78, 18:15:08:42, [5.458651483757421,-7.3077209666371346,-2.399373695254326,0.855468638241291], -272.122344
79, 18:15:08:42, [5.458651483757421,4.665801450610161,-6.836702890694141,0.855468638241291], -483.178936
80, 18:15:08:42, [5.458651483757421,4.665801450610161,-6.836702890694141,-3.656298539834097], -411.775338
81, 18:15:08:42, [5.458651483757421,4.665801450610161,-6.836702890694141,0.855468638241291], -483.178936
