start_time : 2024_11_18_13:32:43
name : labopt_logs\lab_opt_2024_11\optimization__2024-11-18-13-32__dual_annealing__.txt
method : dual_annealing
args : (6, 8, 1, 2)
paras_init : array([3, 0, 4, 2])
bounds : ((-10, 10), (-10, 10), (-10, 10), (-10, 10))
max_run : 10
form : rounds, time, parameters, cost 


0, 18:13:32:43, [3,0,4,2], 184.184823
1, 18:13:32:43, [-2.5031789541244507,6.618012398481369,2.3599987477064133,0.35999874770641327], 176.324972
2, 18:13:32:43, [0.6320416331291199,9.75323298573494,-1.6259409859776497,-3.6259409859776497], 170.385979
3, 18:13:32:43, [-5.774442852474749,-1.8299716785550117,6.790854349732399,4.790854349732399], 361.113379
4, 18:13:32:43, [-9.089941439917311,0.4890880435705185,9.10991407185793,1.475355762289837], 456.491204
5, 18:13:32:43, [1.3847940191626549,0.4890880435705185,9.10991407185793,1.475355762289837], 250.267913
6, 18:13:32:43, [1.3847940191626549,-5.453838184475899,9.10991407185793,1.475355762289837], 376.946943
7, 18:13:32:43, [1.3847940191626549,-5.453838184475899,-2.224070235155523,1.475355762289837], 315.361901
8, 18:13:32:43, [1.3847940191626549,-5.453838184475899,-2.224070235155523,-4.677607715129852], 360.302344
9, 18:13:32:43, [-7.723124943673611,5.438242852687836,-4.385281030088663,6.214473322033882], 327.175633
10, 18:13:32:43, [4.575483597815037,5.840034991502762,7.913327515125275,6.616265460848808], 163.670450
11, 18:13:32:43, [6.266193479299545,-7.724537432193756,-5.651244908571243,8.306975349783897], 422.343755
12, 18:13:32:43, [-3.986271183937788,-2.537512050010264,5.643846750259399,-1.7612815806642175], 340.733542
13, 18:13:32:43, [-4.819715708494186,5.840034991502762,7.913327515125275,6.616265460848808], 285.845251
14, 18:13:32:44, [-4.819715708494186,8.723972953855991,7.913327515125275,6.616265460848808], 293.987253
15, 18:13:32:44, [-4.819715708494186,8.723972953855991,-6.387656092643738,6.616265460848808], 291.239990
16, 18:13:32:44, [-4.819715708494186,8.723972953855991,-6.387656092643738,-6.15578867867589], 335.393968
17, 18:13:32:44, [8.476481385529041,-7.164397124201059,-2.2760261707007885,-2.0441587567329407], 357.381439
18, 18:13:32:44, [-2.3040408343076706,-6.013892352581024,-7.05129337310791,-6.819425959140062], 488.165361
19, 18:13:32:44, [-8.959154315292835,-4.600032821297646,0.2883381247520447,9.613717566244304], 544.503554
20, 18:13:32:44, [4.540001831948757,8.899123325943947,-8.788646876811981,-5.980638310313225], 259.345725
21, 18:13:32:44, [-9.27964273095131,8.899123325943947,-8.788646876811981,-5.980638310313225], 498.015542
22, 18:13:32:44, [4.540001831948757,4.3154237270355225,-8.788646876811981,-5.980638310313225], 263.935525
23, 18:13:32:44, [4.540001831948757,4.3154237270355225,-1.3199827820062637,-5.980638310313225], 167.011226
24, 18:13:32:44, [4.540001831948757,4.3154237270355225,-1.3199827820062637,-7.891246311366558], 200.389470
25, 18:13:32:44, [-2.8859433382749557,3.9103964678943157,-3.051627879962325,-8.35050114709884], 322.021221
26, 18:13:32:44, [-4.131060898303986,-6.200838699936867,8.192307312041521,5.669924713671207], 466.493596
27, 18:13:32:44, [3.041707806289196,2.8171297013759613,-5.405644716694951,-9.38954033702612], 317.953842
28, 18:13:32:44, [9.202811568975449,8.978233464062214,3.3428269550204277,-6.979210585355759], 202.323018
29, 18:13:32:44, [4.45555654168129,8.978233464062214,3.3428269550204277,-6.979210585355759], 186.121767
30, 18:13:32:44, [4.45555654168129,2.9828325835987926,3.3428269550204277,-6.979210585355759], 209.595178
31, 18:13:32:44, [4.45555654168129,2.9828325835987926,6.814213000237942,-6.979210585355759], 232.235056
32, 18:13:32:44, [4.45555654168129,2.9828325835987926,6.814213000237942,-5.676526180002838], 215.336099
33, 18:13:32:44, [-3.7823517713695765,-5.255075730383396,-5.309097796678543,6.085565507411957], 426.698822
34, 18:13:32:44, [-6.234838664531708,-6.333580679260194,-3.876182198524475,3.633078619837761], 476.655901
35, 18:13:32:44, [-8.841299504041672,4.842056840658188,-3.816888242959976,-8.425887687131763], 460.292816
36, 18:13:32:44, [3.1410924196243286,-7.545453254660174,-5.168583773076534,6.7003272688016295], 404.359324
37, 18:13:32:44, [2.7999932020902634,2.9828325835987926,6.814213000237942,-5.676526180002838], 231.842748
38, 18:13:32:44, [2.7999932020902634,0.48230589367449284,6.814213000237942,-5.676526180002838], 255.693339
39, 18:13:32:44, [2.7999932020902634,2.9828325835987926,-6.433059602975845,-5.676526180002838], 249.961224
40, 18:13:32:44, [2.7999932020902634,2.9828325835987926,-6.433059602975845,-6.307334564626217], 256.731734
41, 18:13:32:44, [-2.8241352029144764,8.350372292101383,7.87089890986681,-8.566230356693268], 346.034965
42, 18:13:32:44, [-3.579528357833624,-5.667775697162142,-0.8910000920295715,-0.7652750611305237], 377.940966
43, 18:13:32:45, [-7.919196559116244,-0.5812522023916245,-9.997144386172295,2.9734756741672754], 486.714112
44, 18:13:32:45, [-0.7432442922145128,-8.4916488006711,-8.168506287038326,-6.626828361302614], 556.766858
45, 18:13:32:45, [6.347828105092049,2.9828325835987926,-6.433059602975845,-6.307334564626217], 236.404220
46, 18:13:32:45, [6.347828105092049,-3.802092730998993,-6.433059602975845,-6.307334564626217], 351.495446
47, 18:13:32:45, [6.347828105092049,2.9828325835987926,5.301488667260855,-6.307334564626217], 198.839325
48, 18:13:32:45, [6.347828105092049,2.9828325835987926,5.301488667260855,-9.272158205509186], 265.660953
49, 18:13:32:45, [1.6264294385910034,1.608250454068184,3.926906540989876,5.555702061392367], 180.051686
50, 18:13:32:45, [-8.522892273962498,9.068920329213142,4.985408527776599,5.28550623357296], 328.885836
51, 18:13:32:45, [0.19946593046188354,-2.028930939559359,-7.8931580112548545,-3.9068786799907684], 341.054048
52, 18:13:32:45, [-5.5735892206430435,-5.591768205165863,6.367689751088619,-1.6443165987730026], 446.870155
53, 18:13:32:45, [9.036836057901382,1.608250454068184,3.926906540989876,5.555702061392367], 171.631957
54, 18:13:32:45, [9.036836057901382,-7.570162504911423,3.926906540989876,5.555702061392367], 363.550334
55, 18:13:32:45, [9.036836057901382,1.608250454068184,8.126268923282623,5.555702061392367], 218.763324
56, 18:13:32:45, [9.036836057901382,1.608250454068184,3.926906540989876,-3.6316298991441727], 203.065712
57, 18:13:32:45, [0.2504311576485634,8.392975800554268,-4.859498359262943,-5.128496825695038], 222.203934
58, 18:13:32:45, [9.785646185278893,0.4035450438968837,4.675716668367386,-6.888478001812473], 250.574765
59, 18:13:32:45, [-9.299990497966064,9.534221604466438,5.406820805743337,4.714984492748044], 357.174162
60, 18:13:32:45, [-7.802363752038218,-3.3544197262381203,2.766648208722472,-0.5508547015488148], 425.816975
61, 18:13:32:45, [3.676532879471779,1.608250454068184,3.926906540989876,5.555702061392367], 163.798320
62, 18:13:32:45, [3.676532879471779,-1.3978085964918137,3.926906540989876,5.555702061392367], 202.005954
63, 18:13:32:45, [3.676532879471779,1.608250454068184,-4.159127548336983,5.555702061392367], 187.494735
64, 18:13:32:45, [3.676532879471779,1.608250454068184,3.926906540989876,-1.3431334905326366], 163.481544
65, 18:13:32:45, [9.157161884009838,-6.035528976470232,-8.606478735804558,-1.093873344361782], 401.222437
66, 18:13:32:45, [6.8181247264146805,7.417729231528938,-6.8335562947322614,-2.459296688437462], 172.992246
67, 18:13:32:45, [9.230315608438104,-5.528927005827427,8.775061570107937,7.4289007149636745], 392.353194
68, 18:13:32:45, [-7.833265513181686,-4.868050370365381,-9.299970224499702,-3.0601618782966398], 592.219138
69, 18:13:32:45, [5.75242580473423,1.608250454068184,3.926906540989876,-1.3431334905326366], 150.096172
70, 18:13:32:45, [5.75242580473423,-7.055524230003357,3.926906540989876,-1.3431334905326366], 325.304925
71, 18:13:32:45, [5.75242580473423,1.608250454068184,2.745014723390341,-1.3431334905326366], 150.141455
72, 18:13:32:46, [5.75242580473423,1.608250454068184,2.745014723390341,-6.34304054453969], 208.768924
73, 18:13:32:46, [-3.0969308426138014,-5.636691778898239,1.5577337990689557,8.35653971415013], 418.714365
74, 18:13:32:46, [5.440367459785193,4.179738461971283,-0.3660486191511154,-5.6017250046133995], 156.245277
75, 18:13:32:46, [-2.1402970254421234,8.309849140234292,-5.8110528364777565,-9.279441100545228], 342.548716
76, 18:13:32:46, [-8.999420954845846,-6.895494847558439,-4.727072378387675,2.2556684613227844], 582.330544
77, 18:13:32:46, [6.735453573754057,1.608250454068184,2.745014723390341,-1.3431334905326366], 154.381298
78, 18:13:32:46, [5.75242580473423,-6.304765991517343,2.745014723390341,-1.3431334905326366], 304.801098
79, 18:13:32:46, [5.75242580473423,1.608250454068184,8.48110173362511,-1.3431334905326366], 203.258638
80, 18:13:32:46, [5.75242580473423,1.608250454068184,2.745014723390341,-2.3242968767881393], 162.944568
81, 18:13:32:46, [5.75242580473423,1.608250454068184,3.926906540989876,-1.3431334905326366], 150.096172
