start_time : 2024_11_17_14:24:26
name : labopt_logs\lab_opt_2024_11\optimization__2024-11-17-14-24__AdamW__.txt
method : AdamW
args : (6.0, 4.0, 1.0, 2.0)
paras_init : tensor([3., 0., 4., 2.])
bounds : ((-10, 10), (-10, 10), (-10, 10), (-10, 10))
max_run : 100
form : rounds, time, parameters, cost 


0, 17:14:24:28, [3.0,0.0,4.0,2.0], 88.313934
1, 17:14:24:28, [3.0484998,0.049999997,3.948,1.949], 87.050919
2, 17:14:24:28, [3.096555,0.09991673,3.8959596,1.8980547], 85.794220
3, 17:14:24:28, [3.1443849,0.1497061,3.843837,1.8471901], 84.545013
4, 17:14:24:28, [3.1921828,0.19931999,3.7915926,1.7964373], 83.304245
5, 17:14:24:28, [3.2400992,0.24870627,3.739189,1.7458329], 82.072662
6, 17:14:24:28, [3.2882488,0.2978087,3.6865916,1.6954197], 80.850853
7, 17:14:24:28, [3.3367188,0.34656718,3.6337695,1.6452467], 79.639229
8, 17:14:24:28, [3.3855772,0.39491773,3.5806942,1.5953699], 78.438004
9, 17:14:24:28, [3.434877,0.44279274,3.5273407,1.545852], 77.247200
10, 17:14:24:28, [3.4846594,0.4901213,3.473687,1.496763], 76.066650
11, 17:14:24:28, [3.532443,0.53449416,3.422413,1.45061], 74.954369
12, 17:14:24:28, [3.5807443,0.5782161,3.3708234,1.4050093], 73.850525
13, 17:14:24:29, [3.6295815,0.6212215,3.318908,1.3600398], 72.754349
14, 17:14:24:29, [3.6789665,0.6634431,3.26666,1.3157877], 71.664902
15, 17:14:24:29, [3.728908,0.7048125,3.2140741,1.2723454], 70.581123
16, 17:14:24:29, [3.7794104,0.74526095,3.1611478,1.2298118], 69.501778
17, 17:14:24:29, [3.8304756,0.78472006,3.1078806,1.1882907], 68.425529
18, 17:14:24:29, [3.8821037,0.82312274,3.0542746,1.1478903], 67.350876
19, 17:14:24:29, [3.9342916,0.8604038,3.0003345,1.1087223], 66.276306
20, 17:14:24:29, [3.9870343,0.89650077,2.9460676,1.0709003], 65.200180
21, 17:14:24:29, [4.03766,0.9296122,2.8942122,1.0363562], 64.174957
22, 17:14:24:29, [4.088795,0.96150124,2.8420682,1.0032915], 63.145405
23, 17:14:24:29, [4.1404257,0.99212897,2.7896512,0.9717968], 62.110126
24, 17:14:24:29, [4.1925383,1.0214608,2.736978,0.9419586], 61.067822
25, 17:14:24:29, [4.245116,1.0494665,2.6840682,0.9138567], 60.017368
26, 17:14:24:29, [4.298143,1.0761212,2.6309419,0.8875628], 58.957817
27, 17:14:24:29, [4.351599,1.1014054,2.5776217,0.86313874], 57.888481
28, 17:14:24:29, [4.4054656,1.125305,2.5241327,0.8406346], 56.808937
29, 17:14:24:29, [4.45972,1.1478118,2.4705012,0.8200877], 55.719082
30, 17:14:24:29, [4.514339,1.1689231,2.4167564,0.8015211], 54.619144
31, 17:14:24:29, [4.5665503,1.1876565,2.3656204,0.7857723], 53.565308
32, 17:14:24:29, [4.6190577,1.2050818,2.3144362,0.7718985], 52.503525
33, 17:14:24:29, [4.6718316,1.2212176,2.2632363,0.7598726], 51.434944
34, 17:14:24:30, [4.724843,1.2360864,2.2120552,0.749655], 50.361015
35, 17:14:24:30, [4.7780604,1.2497144,2.1609285,0.741194], 49.283508
36, 17:14:24:30, [4.8314524,1.2621318,2.1098938,0.73442674], 48.204464
37, 17:14:24:30, [4.884985,1.273372,2.0589898,0.72928005], 47.126175
38, 17:14:24:30, [4.938623,1.2834717,2.0082572,0.72567165], 46.051182
39, 17:14:24:30, [4.99233,1.29247,1.957738,0.72351116], 44.982166
40, 17:14:24:30, [5.0460677,1.3004084,1.9074763,0.72270167], 43.921993
41, 17:14:24:30, [5.09711,1.3069845,1.8600149,0.7231187], 42.925739
42, 17:14:24:30, [5.1481047,1.3126408,1.8128806,0.7246209], 41.942780
43, 17:14:24:30, [5.1990128,1.3174232,1.7661154,0.7271051], 40.975739
44, 17:14:24:30, [5.2497926,1.3213787,1.7197622,0.7304669], 40.027222
45, 17:14:24:30, [5.3004017,1.3245546,1.6738644,0.7346019], 39.099754
46, 17:14:24:30, [5.350796,1.3269981,1.6284664,0.7394062], 38.195778
47, 17:14:24:30, [5.4009314,1.3287568,1.5836129,0.7447778], 37.317612
48, 17:14:24:30, [5.450761,1.3298781,1.5393494,0.7506167], 36.467400
49, 17:14:24:30, [5.500237,1.3304088,1.4957213,0.75682634], 35.647118
50, 17:14:24:30, [5.5493116,1.3303953,1.4527742,0.76331365], 34.858551
51, 17:14:24:30, [5.5955043,1.3299088,1.4126643,0.76965606], 34.140404
52, 17:14:24:30, [5.6412253,1.3289912,1.3732803,0.77610195], 33.453773
53, 17:14:24:30, [5.6864305,1.3276834,1.3346585,0.7825798], 32.799553
54, 17:14:24:30, [5.731075,1.3260257,1.2968347,0.7890232], 32.178402
55, 17:14:24:30, [5.7751126,1.3240569,1.2598437,0.7953712], 31.590809
56, 17:14:24:31, [5.8184986,1.3218144,1.2237192,0.8015681], 31.037006
57, 17:14:24:31, [5.8611875,1.3193343,1.1884936,0.8075641], 30.517052
58, 17:14:24:31, [5.9031334,1.3166511,1.1541978,0.81331486], 30.030781
59, 17:14:24:31, [5.9442916,1.3137981,1.1208607,0.8187821], 29.577858
60, 17:14:24:31, [5.9846177,1.3108065,1.0885093,0.823933], 29.157726
61, 17:14:24:31, [6.0220957,1.3078613,1.0587357,0.82850033], 28.788582
62, 17:14:24:31, [6.0587087,1.3048387,1.0299369,0.8327237], 28.448032
63, 17:14:24:31, [6.0944242,1.3017628,1.0021263,0.83658993], 28.135118
64, 17:14:24:31, [6.129211,1.2986566,0.97531533,0.84009045], 27.848787
65, 17:14:24:31, [6.1630383,1.2955409,0.9495132,0.8432208], 27.587908
66, 17:14:24:31, [6.195878,1.2924356,0.9247268,0.8459804], 27.351269
67, 17:14:24:31, [6.227704,1.2893587,0.9009607,0.8483727], 27.137627
68, 17:14:24:31, [6.2584915,1.2863269,0.87821716,0.85040426], 26.945662
69, 17:14:24:31, [6.2882195,1.283355,0.8564959,0.852085], 26.774055
70, 17:14:24:31, [6.3168683,1.2804568,0.83579427,0.8534275], 26.621449
71, 17:14:24:31, [6.343044,1.2777851,0.8170914,0.85439605], 26.492975
72, 17:14:24:31, [6.3681726,1.2752038,0.79934037,0.8550746], 26.379482
73, 17:14:24:31, [6.39225,1.2727214,0.782528,0.8554816], 26.279747
74, 17:14:24:31, [6.415273,1.2703445,0.7666394,0.8556369], 26.192598
75, 17:14:24:31, [6.4372425,1.2680789,0.75165814,0.85556096], 26.116913
76, 17:14:24:31, [6.4581604,1.2659295,0.73756623,0.8552751], 26.051590
77, 17:14:24:32, [6.4780326,1.2638997,0.7243442,0.85480106], 25.995602
78, 17:14:24:32, [6.496866,1.2619922,0.71197134,0.8541607], 25.947968
79, 17:14:24:32, [6.514672,1.260209,0.7004255,0.85337585], 25.907768
80, 17:14:24:32, [6.5314617,1.2585506,0.6896836,0.8524681], 25.874138
81, 17:14:24:32, [6.546461,1.257094,0.6802196,0.8515089], 25.847580
82, 17:14:24:32, [6.5605297,1.2557551,0.6714699,0.85047185], 25.825642
83, 17:14:24:32, [6.5736895,1.254532,0.66340804,0.849375], 25.807709
84, 17:14:24:32, [6.5859632,1.2534225,0.65600705,0.84823555], 25.793209
85, 17:14:24:32, [6.597376,1.2524238,0.6492399,0.8470698], 25.781647
86, 17:14:24:32, [6.6079526,1.2515327,0.64307946,0.8458928], 25.772564
87, 17:14:24:32, [6.6177197,1.2507457,0.6374984,0.84471864], 25.765549
88, 17:14:24:32, [6.626705,1.2500588,0.6324695,0.84356004], 25.760250
89, 17:14:24:32, [6.6349373,1.2494678,0.6279657,0.8424287], 25.756351
90, 17:14:24:32, [6.6424456,1.2489684,0.62396014,0.8413349], 25.753584
91, 17:14:24:32, [6.6489186,1.2485763,0.62060285,0.84034], 25.751778
92, 17:14:24:32, [6.6547627,1.2482619,0.61766773,0.8393962], 25.750597
93, 17:14:24:32, [6.660008,1.2480206,0.6151295,0.83850914], 25.749891
94, 17:14:24:32, [6.6646852,1.2478476,0.6129635,0.83768356], 25.749531
95, 17:14:24:32, [6.6688237,1.2477378,0.6111457,0.836923], 25.749407
96, 17:14:24:32, [6.6724544,1.2476866,0.60965276,0.8362301], 25.749439
97, 17:14:24:32, [6.675606,1.2476892,0.60846204,0.8356066], 25.749552
98, 17:14:24:32, [6.6783075,1.2477409,0.6075515,0.83505315], 25.749699
99, 17:14:24:33, [6.680588,1.247837,0.60690004,0.8345698], 25.749828
100, 17:14:24:33, [6.682475,1.247973,0.6064871,0.8341558], 25.749935
