start_time : 2024_11_18_14:31:45
name : labopt_logs\lab_opt_2024_11\optimization__2024-11-18-14-31____.txt
method : 
args : (6, 8, -5, 2)
paras_init : array([3, 0, 4, 2])
bounds : ((-10, 10), (-10, 10), (-10, 10), (-10, 10))
max_run : 10
form : rounds, time, parameters, cost 


0, 18:14:31:45, [3,0,4,2], -319.569569
1, 18:14:31:45, [2.686048522591591,-0.3139514774084091,3.686048522591591,1.6860485225915909], -317.766508
2, 18:14:31:45, [2.397240251302719,2.055935960263014,3.397240251302719,1.3972402513027191], -343.669225
3, 18:14:31:45, [-9.27868289500475,-1.0734819918870926,-8.27868289500475,9.72131710499525], -90.390651
4, 18:14:31:45, [4.732896201312542,-7.061902895569801,5.732896201312542,8.764253780245781], -99.424370
5, 18:14:31:45, [1.0512923896312714,-7.061902895569801,5.732896201312542,8.764253780245781], -73.654330
6, 18:14:31:45, [1.0512923896312714,5.538802022114396,5.732896201312542,8.764253780245781], -294.510806
7, 18:14:31:45, [1.0512923896312714,5.538802022114396,-8.040710136294365,8.764253780245781], -396.319158
8, 18:14:31:45, [1.0512923896312714,5.538802022114396,-8.040710136294365,9.205562920309603], -390.315814
9, 18:14:31:45, [-5.8259922713041306,-1.3384826332330704,5.082005202770233,-5.244564548134804], -111.063052
10, 18:14:31:45, [-7.509529948234558,6.822140906006098,-6.757371252402663,-9.511098195798695], -168.555030
11, 18:14:31:45, [1.9551472067832947,6.442656844854355,-7.136855319142342,2.9272141605615616], -455.755384
12, 18:14:31:45, [3.6500855665653944,8.137595204636455,-5.441916959360242,4.829905912280083], -463.657355
13, 18:14:31:45, [9.167483041994274,8.137595204636455,-5.441916959360242,4.829905912280083], -456.513002
14, 18:14:31:45, [9.167483041994274,3.2199729084968567,-5.441916959360242,4.829905912280083], -432.903770
15, 18:14:31:45, [9.167483041994274,3.2199729084968567,-4.538390723988414,4.829905912280083], -427.771711
16, 18:14:31:45, [9.167483041994274,3.2199729084968567,-4.538390723988414,6.261801362037659], -419.460414
17, 18:14:31:45, [-6.453412249684334,7.599077612161636,8.473567306995392,-9.359093934297562], -7.924321
18, 18:14:31:46, [-6.4847284480929375,-7.263635013252497,4.330307848751545,-9.390410125255585], 119.023512
19, 18:14:31:46, [-8.410717695951462,1.029856875538826,-6.72850675880909,1.9116953797638416], -222.173369
20, 18:14:31:46, [3.6500855665653944,8.137595204636455,-5.441916959360242,4.829905912280083], -463.657355
