start_time : 2024_11_18_15:02:32
name : labopt_logs\lab_opt_2024_11\optimization__2024-11-18-15-02__dual_annealing__.txt
method : dual_annealing
args : (6, 8, -5, 2)
paras_init : array([3, 0, 4, 2])
bounds : ((-10, 10), (-10, 10), (-10, 10), (-10, 10))
max_run : 10
form : rounds, time, parameters, cost 


0, 18:15:02:32, [3,0,4,2], -402.751738
1, 18:15:02:32, [-8.902076438069344,8.050262242555618,-7.949737757444382,-9.949737757444382], 797.789586
2, 18:15:02:32, [-6.524841923266649,-9.52484192326665,1.512341096997261,-0.48765890300273895], -112.710281
3, 18:15:02:32, [-8.16207641363144,8.83792358636856,-0.12489338964223862,-2.1248933896422386], -65.202220
4, 18:15:02:32, [6.052803039550781,-1.039734497666359,9.997448526322842,7.997448526322842], 229.307679
5, 18:15:02:32, [-5.068979784846306,-1.039734497666359,9.997448526322842,7.997448526322842], 262.340845
6, 18:15:02:32, [-5.068979784846306,7.760348506271839,9.997448526322842,7.997448526322842], 536.633433
7, 18:15:02:32, [-5.068979784846306,7.760348506271839,-5.553100481629372,7.997448526322842], -92.869715
8, 18:15:02:32, [-5.068979784846306,7.760348506271839,-5.553100481629372,1.712295651435852], -262.467226
9, 18:15:02:32, [5.059908404946327,0.037177637219429016,0.005253830924630165,4.820678063202649], -434.384662
10, 18:15:02:32, [-6.317366253584623,-9.317301906645298,8.62797917239368,1.5510780736804008], 324.754440
11, 18:15:02:33, [1.3040283620357513,7.400536447763443,-3.7506262063980103,-7.815963119268417], -247.864326
12, 18:15:02:33, [2.0771155953407288,6.07139659486711,1.2608586456626654,1.8378852531313896], -416.586597
13, 18:15:02:33, [5.639511875808239,0.037177637219429016,0.005253830924630165,4.820678063202649], -429.896294
14, 18:15:02:33, [5.639511875808239,-0.367322713136673,0.005253830924630165,4.820678063202649], -427.217359
15, 18:15:02:33, [5.639511875808239,-0.367322713136673,2.725035607814789,4.820678063202649], -374.211136
16, 18:15:02:33, [5.639511875808239,-0.367322713136673,2.725035607814789,9.50159466266632], -178.397623
17, 18:15:02:33, [-8.128040101379156,-9.387050241231918,-0.5822604782879353,6.276058848015964], 263.233037
18, 18:15:02:33, [-4.86600236967206,2.4157725498080254,5.508130870759487,-6.19697754830122], -224.321543
19, 18:15:02:33, [-1.4286815226078033,-7.435516104102135,-9.630508795380592,-7.534866340458393], 307.283327
20, 18:15:02:33, [-9.182670213282108,4.81049519777298,7.9028535187244415,-0.3013971750624478], 125.293740
21, 18:15:02:33, [-7.817182833328843,-0.367322713136673,2.725035607814789,4.820678063202649], -258.964374
22, 18:15:02:33, [5.639511875808239,-9.085170550271869,2.725035607814789,4.820678063202649], -7.908791
23, 18:15:02:33, [5.639511875808239,-0.367322713136673,2.5271271280944347,4.820678063202649], -377.572922
24, 18:15:02:33, [5.639511875808239,-0.367322713136673,2.5271271280944347,4.964837744832039], -376.019342
25, 18:15:02:33, [5.58098079264164,-0.42585379630327225,8.81593194976449,7.102578088641167], -1.493041
26, 18:15:02:33, [-0.5338578596711159,-6.540692448616028,-5.5191946886479855,-1.208531990647316], -335.398836
27, 18:15:02:33, [-1.78269425034523,-6.97421407699585,-4.079764232039452,-1.6420536190271378], -330.501775
28, 18:15:02:33, [8.976129354909062,0.057031579315662384,-9.154870433732867,5.389192037284374], -207.224279
29, 18:15:02:33, [-5.330947153270245,-0.367322713136673,2.5271271280944347,4.964837744832039], -361.307756
30, 18:15:02:33, [-5.330947153270245,-7.355670124292374,2.5271271280944347,4.964837744832039], -191.140589
31, 18:15:02:33, [-5.330947153270245,-0.367322713136673,5.485310073941946,4.964837744832039], -311.803952
32, 18:15:02:33, [-5.330947153270245,-0.367322713136673,2.5271271280944347,4.417435869574547], -372.093345
33, 18:15:02:33, [4.0034289956092834,-3.6569183617830276,-1.882966622710228,-8.386251936201006], -191.068219
34, 18:15:02:33, [5.485661858692765,-9.550713701173663,-6.656263859942555,2.7519013956189156], 86.740464
35, 18:15:02:33, [5.744945302605629,-0.7144242748618126,-6.396980419754982,4.070334307849407], -394.803913
36, 18:15:02:33, [-1.5928006172180176,-8.05217019468546,6.2652736604213715,-3.2674116119742393], -198.083974
37, 18:15:02:33, [1.6646408690139651,-0.7144242748618126,-6.396980419754982,4.070334307849407], -394.460855
38, 18:15:02:33, [1.6646408690139651,7.564801982953213,-6.396980419754982,4.070334307849407], -430.867863
39, 18:15:02:34, [1.6646408690139651,7.564801982953213,1.5878325030207634,4.070334307849407], -374.343134
40, 18:15:02:34, [1.6646408690139651,7.564801982953213,-6.396980419754982,4.776549629867077], -430.267018
41, 18:15:02:34, [0.4600091241300106,2.338592156767845,-6.782976225018501,3.5719178840517998], -402.575997
42, 18:15:02:34, [-6.427993461489677,-0.5278323590755463,5.510385245084763,-8.576784379780293], -41.851312
43, 18:15:02:34, [2.5311932899057865,-8.351284697651863,-2.313067100942135,8.860462948679924], 74.692799
44, 18:15:02:34, [5.422372475266457,-6.270227164030075,-0.23200956732034683,-0.2028190940618515], -361.986474
45, 18:15:02:34, [7.07336238026619,7.564801982953213,-6.396980419754982,4.776549629867077], -468.712640
46, 18:15:02:34, [7.07336238026619,-4.899559676647186,-6.396980419754982,4.776549629867077], -184.817023
47, 18:15:02:34, [7.07336238026619,7.564801982953213,2.5835447162389755,4.776549629867077], -336.700791
48, 18:15:02:34, [7.07336238026619,7.564801982953213,-6.396980419754982,-5.998409662395716], -319.080408
49, 18:15:02:34, [2.027905747294426,7.637607457116246,8.164581820368767,-9.621940709184855], 335.624881
50, 18:15:02:34, [0.011138780042529106,9.875323161482811,-4.08645923435688,7.087070822715759], -314.352924
51, 18:15:02:34, [-4.411402967758477,7.719189137220383,2.782461054623127,4.93093678355217], -211.815533
52, 18:15:02:34, [4.722387697547674,5.213827300816774,-3.894750151783228,-8.748341768980026], -232.516675
53, 18:15:02:34, [5.241199649404734,7.564801982953213,-6.396980419754982,4.776549629867077], -480.294442
54, 18:15:02:34, [5.241199649404734,3.298827886581421,-6.396980419754982,4.776549629867077], -442.311998
55, 18:15:02:34, [5.241199649404734,7.564801982953213,-0.616386391222477,4.776549629867077], -455.674493
56, 18:15:02:34, [5.241199649404734,7.564801982953213,-6.396980419754982,9.707304306328297], -293.170340
57, 18:15:02:34, [7.6606757789850235,-7.554576737806201,-9.484345078468323,8.763723589479923], 545.225274
58, 18:15:02:34, [-6.292640909552574,4.316182613372803,3.4912811927497387,-6.757290929555893], -159.998995
59, 18:15:02:34, [-6.459185354411602,-0.8508196629118174,1.9026345759630203,-6.923835374414921], -273.792792
60, 18:15:02:34, [-8.54047641158104,-9.513613432645798,-3.475395828485489,7.698134213685989], 597.799636
61, 18:15:02:34, [-9.41812838613987,7.564801982953213,-6.396980419754982,4.776549629867077], 130.929031
62, 18:15:02:34, [5.241199649404734,-3.7350849509239197,-6.396980419754982,4.776549629867077], -284.878853
63, 18:15:02:34, [5.241199649404734,7.564801982953213,-6.7235832661390305,4.776549629867077], -478.113190
64, 18:15:02:34, [5.241199649404734,7.564801982953213,-6.7235832661390305,9.419690899550915], -302.901082
65, 18:15:02:34, [1.29966701567173,-4.395792091730982,9.334884099662304,3.1259683072566986], -106.962531
66, 18:15:02:34, [5.006234556436539,-5.300368286669254,-2.791115954518318,8.837312519550323], -97.430435
67, 18:15:02:35, [3.2770515829324722,4.890817493200302,2.1857788041234016,-4.658520095836138], -352.376542
68, 18:15:02:35, [1.9228733158670366,-3.104695463203825,-6.482396782841533,4.7686274871230125], -318.326694
69, 18:15:02:35, [4.969415292143822,7.564801982953213,-6.7235832661390305,4.776549629867077], -475.329560
70, 18:15:02:35, [4.969415292143822,0.9170028511434793,-6.7235832661390305,4.776549629867077], -413.569287
71, 18:15:02:35, [4.969415292143822,7.564801982953213,7.479831195436418,4.776549629867077], -145.111061
72, 18:15:02:35, [4.969415292143822,7.564801982953213,-6.7235832661390305,-6.144797960296273], -335.553220
73, 18:15:02:35, [-1.110895968042314,8.092828564345837,5.989608287811279,1.496579971164465], -256.651026
74, 18:15:02:35, [6.5903506726026535,-9.10433991253376,-3.3927251622080803,-2.1411011274904013], -24.764574
75, 18:15:02:35, [-8.874228878994472,7.836178671568632,-7.726852750405669,-4.223975007538684], 211.400392
76, 18:15:02:35, [0.1851177792996168,-3.669665794528555,-1.8722565826028585,-6.5017878748476505], -360.751156
77, 18:15:02:35, [4.274377062916756,7.564801982953213,-6.7235832661390305,4.776549629867077], -464.434172
78, 18:15:02:35, [4.969415292143822,6.382050849497318,-6.7235832661390305,4.776549629867077], -485.089770
79, 18:15:02:35, [4.969415292143822,6.382050849497318,3.2716017067432404,4.776549629867077], -371.218027
80, 18:15:02:35, [4.969415292143822,6.382050849497318,-6.7235832661390305,3.6812183169531636], -484.299554
81, 18:15:02:35, [4.969415292143822,6.382050849497318,-6.7235832661390305,4.776549629867077], -485.089770
